0 070455301c2e18c7c89b850c2e86c311ac5fd223c84e723591012e163d60f11f5fd030343a444049a44940f8607d36c463f30556bf1efa98916d7417c2b4393c_001 0 9
0.0 31.0 
1 070455301c2e18c7c89b850c2e86c311ac5fd223c84e723591012e163d60f11f5fd030343a444049a44940f8607d36c463f30556bf1efa98916d7417c2b4393c_002 8 9
0.0 31.0 
2 0cea42f9680f35f5a84c724c396d4d588b65c303453f9585562f2e2af8db74f5096a83a70b17c5126538222b111a0795a34e9fb6db95d62d771d01592abe3ff6_008 9 9
0.0 31.0 
3 769cd811312cbbb82c87033a78ac9584ad282550bcb9cc3ae8c4e3da44c288c1a5b3954e01998c3c0654ee6774ceab66e9fe5b135750905c917d2b0bb5fab98b_000 9 9
0.0 31.0 
4 769cd811312cbbb82c87033a78ac9584ad282550bcb9cc3ae8c4e3da44c288c1a5b3954e01998c3c0654ee6774ceab66e9fe5b135750905c917d2b0bb5fab98b_013 9 9
0.0 31.0 
5 833bd42c11f7407d63f604b8ba3b7927e22e04e91884c959f01083cda7d5019610705b94a89c09cd1caa3fd1d58eee24b48b85b523db0fa3fc302e7af2dff93d_000 9 9
5.0 23.0 
6 833bd42c11f7407d63f604b8ba3b7927e22e04e91884c959f01083cda7d5019610705b94a89c09cd1caa3fd1d58eee24b48b85b523db0fa3fc302e7af2dff93d_001 9 9
5.0 23.0 
7 833bd42c11f7407d63f604b8ba3b7927e22e04e91884c959f01083cda7d5019610705b94a89c09cd1caa3fd1d58eee24b48b85b523db0fa3fc302e7af2dff93d_002 9 9
5.0 23.0 
8 833bd42c11f7407d63f604b8ba3b7927e22e04e91884c959f01083cda7d5019610705b94a89c09cd1caa3fd1d58eee24b48b85b523db0fa3fc302e7af2dff93d_003 9 9
5.0 23.0 
9 833bd42c11f7407d63f604b8ba3b7927e22e04e91884c959f01083cda7d5019610705b94a89c09cd1caa3fd1d58eee24b48b85b523db0fa3fc302e7af2dff93d_005 9 9
5.0 23.0 
10 89b1a701f92f7e190fd4caf2ad32365f2c9261790b9a33967efd0bfb4d047c721db673225a01819900d542401a0b95d29db7ff0d8548087faabd4230f896474f_000 9 9
5.0 23.0 
11 89b1a701f92f7e190fd4caf2ad32365f2c9261790b9a33967efd0bfb4d047c721db673225a01819900d542401a0b95d29db7ff0d8548087faabd4230f896474f_001 9 9
5.0 23.0 
12 89b1a701f92f7e190fd4caf2ad32365f2c9261790b9a33967efd0bfb4d047c721db673225a01819900d542401a0b95d29db7ff0d8548087faabd4230f896474f_002 9 9
5.0 23.0 
13 1b31fa5c50f7725ce468ebf24282f2d080a83aed87e4ee35522ae7710c8e0136bc263cc460b8ec7bf2c3519cb59af4a138e114d36541515b2609ab56ad2b8ee9_000 7 9
0.0 31.0 
14 89b1a701f92f7e190fd4caf2ad32365f2c9261790b9a33967efd0bfb4d047c721db673225a01819900d542401a0b95d29db7ff0d8548087faabd4230f896474f_003 9 9
5.0 23.0 
15 89b1a701f92f7e190fd4caf2ad32365f2c9261790b9a33967efd0bfb4d047c721db673225a01819900d542401a0b95d29db7ff0d8548087faabd4230f896474f_004 9 9
5.0 23.0 
16 89b1a701f92f7e190fd4caf2ad32365f2c9261790b9a33967efd0bfb4d047c721db673225a01819900d542401a0b95d29db7ff0d8548087faabd4230f896474f_005 9 9
5.0 23.0 
17 89b1a701f92f7e190fd4caf2ad32365f2c9261790b9a33967efd0bfb4d047c721db673225a01819900d542401a0b95d29db7ff0d8548087faabd4230f896474f_011 9 9
5.0 23.0 
18 8ce6345ea4e815b04769b3920f04becec20cf8051565f087aa5e03c5fdca4752a56cbec48207b74f69db55f0e9e0c3c28809cc228c8d6637a7a9c732977640b9_000 8 9
30.0 23.0 
19 8ce6345ea4e815b04769b3920f04becec20cf8051565f087aa5e03c5fdca4752a56cbec48207b74f69db55f0e9e0c3c28809cc228c8d6637a7a9c732977640b9_001 8 9
30.0 23.0 
20 8ce6345ea4e815b04769b3920f04becec20cf8051565f087aa5e03c5fdca4752a56cbec48207b74f69db55f0e9e0c3c28809cc228c8d6637a7a9c732977640b9_002 9 9
5.0 23.0 
21 9013bd3be8c00de447e6ed49a0fe0fab037251c28e26954bf780f2f3b929a9e7ce9da037811c76028e4069d3857410f82b8f399c7fa4386ea8f97f80aab1f191_000 9 9
0.0 31.0 
22 9083480332b4a5e4274f3bf5ef8bd5d1bd75048c0c066e574c27a2de6d919d658efc519e8b6a230a074eb5f2957d5768f4dc981a8e926c3a72993bc448a017f7_009 9 9
0.0 31.0 
23 9083480332b4a5e4274f3bf5ef8bd5d1bd75048c0c066e574c27a2de6d919d658efc519e8b6a230a074eb5f2957d5768f4dc981a8e926c3a72993bc448a017f7_010 9 9
0.0 31.0 
24 1b31fa5c50f7725ce468ebf24282f2d080a83aed87e4ee35522ae7710c8e0136bc263cc460b8ec7bf2c3519cb59af4a138e114d36541515b2609ab56ad2b8ee9_001 7 9
0.0 31.0 
25 9083480332b4a5e4274f3bf5ef8bd5d1bd75048c0c066e574c27a2de6d919d658efc519e8b6a230a074eb5f2957d5768f4dc981a8e926c3a72993bc448a017f7_011 9 9
0.0 31.0 
26 9083480332b4a5e4274f3bf5ef8bd5d1bd75048c0c066e574c27a2de6d919d658efc519e8b6a230a074eb5f2957d5768f4dc981a8e926c3a72993bc448a017f7_013 9 9
0.0 31.0 
27 9083480332b4a5e4274f3bf5ef8bd5d1bd75048c0c066e574c27a2de6d919d658efc519e8b6a230a074eb5f2957d5768f4dc981a8e926c3a72993bc448a017f7_018 9 9
0.0 31.0 
28 92b7dd1241c2688476a763b691eadd80a1aa750e7c26955f8c3a3d2b11233c05cd51469a029d22c1ba0b6b4203484f2d056d1bdf5cef075f583fbca4292f1a40_002 9 9
0.0 31.0 
29 92b7dd1241c2688476a763b691eadd80a1aa750e7c26955f8c3a3d2b11233c05cd51469a029d22c1ba0b6b4203484f2d056d1bdf5cef075f583fbca4292f1a40_007 9 9
0.0 31.0 
30 93f87bf20be12abd3b52e14015efb6d78b6038d2022e0ab5889979f9c6b6c8c757d6b5a59feae9f8415158057992ae837da76609dc156ea76b5cca7a43a4678b_013 9 9
0.0 31.0 
31 93f87bf20be12abd3b52e14015efb6d78b6038d2022e0ab5889979f9c6b6c8c757d6b5a59feae9f8415158057992ae837da76609dc156ea76b5cca7a43a4678b_014 9 9
0.0 31.0 
32 93f87bf20be12abd3b52e14015efb6d78b6038d2022e0ab5889979f9c6b6c8c757d6b5a59feae9f8415158057992ae837da76609dc156ea76b5cca7a43a4678b_015 9 9
0.0 31.0 
33 93f87bf20be12abd3b52e14015efb6d78b6038d2022e0ab5889979f9c6b6c8c757d6b5a59feae9f8415158057992ae837da76609dc156ea76b5cca7a43a4678b_016 9 9
0.0 31.0 
34 95362737dcd262ddd67b0fe1381c25f1e6b885860b4e51efb6f57223dceb77b4c6c7d855e3fe891c10cd51b48c9b052cf2c74f181a28d3020d77a4a2d6e4db18_006 9 9
0.0 31.0 
35 1b31fa5c50f7725ce468ebf24282f2d080a83aed87e4ee35522ae7710c8e0136bc263cc460b8ec7bf2c3519cb59af4a138e114d36541515b2609ab56ad2b8ee9_002 7 9
0.0 31.0 
36 95362737dcd262ddd67b0fe1381c25f1e6b885860b4e51efb6f57223dceb77b4c6c7d855e3fe891c10cd51b48c9b052cf2c74f181a28d3020d77a4a2d6e4db18_007 9 9
0.0 31.0 
37 95362737dcd262ddd67b0fe1381c25f1e6b885860b4e51efb6f57223dceb77b4c6c7d855e3fe891c10cd51b48c9b052cf2c74f181a28d3020d77a4a2d6e4db18_008 9 9
0.0 31.0 
38 95362737dcd262ddd67b0fe1381c25f1e6b885860b4e51efb6f57223dceb77b4c6c7d855e3fe891c10cd51b48c9b052cf2c74f181a28d3020d77a4a2d6e4db18_009 9 9
0.0 31.0 
39 95362737dcd262ddd67b0fe1381c25f1e6b885860b4e51efb6f57223dceb77b4c6c7d855e3fe891c10cd51b48c9b052cf2c74f181a28d3020d77a4a2d6e4db18_010 9 9
0.0 31.0 
40 95362737dcd262ddd67b0fe1381c25f1e6b885860b4e51efb6f57223dceb77b4c6c7d855e3fe891c10cd51b48c9b052cf2c74f181a28d3020d77a4a2d6e4db18_011 9 9
0.0 31.0 
41 95362737dcd262ddd67b0fe1381c25f1e6b885860b4e51efb6f57223dceb77b4c6c7d855e3fe891c10cd51b48c9b052cf2c74f181a28d3020d77a4a2d6e4db18_012 9 9
0.0 31.0 
42 95362737dcd262ddd67b0fe1381c25f1e6b885860b4e51efb6f57223dceb77b4c6c7d855e3fe891c10cd51b48c9b052cf2c74f181a28d3020d77a4a2d6e4db18_013 9 9
0.0 31.0 
43 95362737dcd262ddd67b0fe1381c25f1e6b885860b4e51efb6f57223dceb77b4c6c7d855e3fe891c10cd51b48c9b052cf2c74f181a28d3020d77a4a2d6e4db18_014 9 9
0.0 31.0 
44 95362737dcd262ddd67b0fe1381c25f1e6b885860b4e51efb6f57223dceb77b4c6c7d855e3fe891c10cd51b48c9b052cf2c74f181a28d3020d77a4a2d6e4db18_015 9 9
0.0 31.0 
45 95362737dcd262ddd67b0fe1381c25f1e6b885860b4e51efb6f57223dceb77b4c6c7d855e3fe891c10cd51b48c9b052cf2c74f181a28d3020d77a4a2d6e4db18_016 9 9
0.0 31.0 
46 1b31fa5c50f7725ce468ebf24282f2d080a83aed87e4ee35522ae7710c8e0136bc263cc460b8ec7bf2c3519cb59af4a138e114d36541515b2609ab56ad2b8ee9_003 7 9
0.0 31.0 
47 95362737dcd262ddd67b0fe1381c25f1e6b885860b4e51efb6f57223dceb77b4c6c7d855e3fe891c10cd51b48c9b052cf2c74f181a28d3020d77a4a2d6e4db18_017 9 9
0.0 31.0 
48 95362737dcd262ddd67b0fe1381c25f1e6b885860b4e51efb6f57223dceb77b4c6c7d855e3fe891c10cd51b48c9b052cf2c74f181a28d3020d77a4a2d6e4db18_018 9 9
0.0 31.0 
49 97f6b15278788d90f6a0159ac65668f63f182fadf165e78bfecd7750de89f8611759f8d8206b3505407f7de14d124db7b0309a53e222c538c4dedadc6fa24fe6_000 8 9
0.0 31.0 
50 97f6b15278788d90f6a0159ac65668f63f182fadf165e78bfecd7750de89f8611759f8d8206b3505407f7de14d124db7b0309a53e222c538c4dedadc6fa24fe6_008 9 9
0.0 31.0 
51 98d873cde39437ae581e6b61ce30ca54634c9c1517b46a0f2774cb12db474b5a37759281b19283c60dbcfa44ac3e05d474a896310f64e8533603b1db73457494_004 9 9
0.0 31.0 
52 98d873cde39437ae581e6b61ce30ca54634c9c1517b46a0f2774cb12db474b5a37759281b19283c60dbcfa44ac3e05d474a896310f64e8533603b1db73457494_008 9 9
0.0 31.0 
53 9c9308d4cdf5bc5dfe6efc2b1a9c9bc9a44fbff73c5367c97e3be37861bbb3ba9ac7ad3ddec74dc66e34fe8f0804e46186819b4e90e8f9a59d1b82d9cf0a6218_000 8 9
30.0 23.0 
54 9c9308d4cdf5bc5dfe6efc2b1a9c9bc9a44fbff73c5367c97e3be37861bbb3ba9ac7ad3ddec74dc66e34fe8f0804e46186819b4e90e8f9a59d1b82d9cf0a6218_001 8 9
30.0 23.0 
55 9c9308d4cdf5bc5dfe6efc2b1a9c9bc9a44fbff73c5367c97e3be37861bbb3ba9ac7ad3ddec74dc66e34fe8f0804e46186819b4e90e8f9a59d1b82d9cf0a6218_002 8 9
30.0 23.0 
56 9c9308d4cdf5bc5dfe6efc2b1a9c9bc9a44fbff73c5367c97e3be37861bbb3ba9ac7ad3ddec74dc66e34fe8f0804e46186819b4e90e8f9a59d1b82d9cf0a6218_003 0 9
30.0 23.0 
57 1c2bb3a40a82cba97b2937bc6825903a28ecfe91f993fc177a0f2ae003bcc7b1073eb49e35d3f0f69d6b612e8347e9c1b93306bf25a7e5390098c1a06845baac_000 8 9
30.0 31.0 
58 9c9308d4cdf5bc5dfe6efc2b1a9c9bc9a44fbff73c5367c97e3be37861bbb3ba9ac7ad3ddec74dc66e34fe8f0804e46186819b4e90e8f9a59d1b82d9cf0a6218_004 0 9
5.0 23.0 
59 9c9308d4cdf5bc5dfe6efc2b1a9c9bc9a44fbff73c5367c97e3be37861bbb3ba9ac7ad3ddec74dc66e34fe8f0804e46186819b4e90e8f9a59d1b82d9cf0a6218_005 0 9
5.0 23.0 
60 9c9308d4cdf5bc5dfe6efc2b1a9c9bc9a44fbff73c5367c97e3be37861bbb3ba9ac7ad3ddec74dc66e34fe8f0804e46186819b4e90e8f9a59d1b82d9cf0a6218_006 0 9
5.0 23.0 
61 9c9308d4cdf5bc5dfe6efc2b1a9c9bc9a44fbff73c5367c97e3be37861bbb3ba9ac7ad3ddec74dc66e34fe8f0804e46186819b4e90e8f9a59d1b82d9cf0a6218_007 0 9
5.0 23.0 
62 9c9308d4cdf5bc5dfe6efc2b1a9c9bc9a44fbff73c5367c97e3be37861bbb3ba9ac7ad3ddec74dc66e34fe8f0804e46186819b4e90e8f9a59d1b82d9cf0a6218_013 0 9
5.0 23.0 
63 a0e3fdae706d528dcf146cbad986ba9fd834440a7b500e32f04fad073e955a46e481c713ee118432f3fd5dfa1a63fc1caefd648a56a389e40e6362dfd51625b0_000 9 9
1.0 31.0 
64 a0e3fdae706d528dcf146cbad986ba9fd834440a7b500e32f04fad073e955a46e481c713ee118432f3fd5dfa1a63fc1caefd648a56a389e40e6362dfd51625b0_001 9 9
1.0 31.0 
65 a0e3fdae706d528dcf146cbad986ba9fd834440a7b500e32f04fad073e955a46e481c713ee118432f3fd5dfa1a63fc1caefd648a56a389e40e6362dfd51625b0_002 9 9
1.0 31.0 
66 a0e3fdae706d528dcf146cbad986ba9fd834440a7b500e32f04fad073e955a46e481c713ee118432f3fd5dfa1a63fc1caefd648a56a389e40e6362dfd51625b0_003 9 9
1.0 31.0 
67 a0e3fdae706d528dcf146cbad986ba9fd834440a7b500e32f04fad073e955a46e481c713ee118432f3fd5dfa1a63fc1caefd648a56a389e40e6362dfd51625b0_004 9 9
1.0 31.0 
68 1c2bb3a40a82cba97b2937bc6825903a28ecfe91f993fc177a0f2ae003bcc7b1073eb49e35d3f0f69d6b612e8347e9c1b93306bf25a7e5390098c1a06845baac_001 8 9
30.0 31.0 
69 a0e3fdae706d528dcf146cbad986ba9fd834440a7b500e32f04fad073e955a46e481c713ee118432f3fd5dfa1a63fc1caefd648a56a389e40e6362dfd51625b0_005 9 9
1.0 31.0 
70 a0e3fdae706d528dcf146cbad986ba9fd834440a7b500e32f04fad073e955a46e481c713ee118432f3fd5dfa1a63fc1caefd648a56a389e40e6362dfd51625b0_009 9 9
1.0 31.0 
71 a0e3fdae706d528dcf146cbad986ba9fd834440a7b500e32f04fad073e955a46e481c713ee118432f3fd5dfa1a63fc1caefd648a56a389e40e6362dfd51625b0_010 9 9
1.0 31.0 
72 a0e3fdae706d528dcf146cbad986ba9fd834440a7b500e32f04fad073e955a46e481c713ee118432f3fd5dfa1a63fc1caefd648a56a389e40e6362dfd51625b0_011 9 9
1.0 31.0 
73 a0e3fdae706d528dcf146cbad986ba9fd834440a7b500e32f04fad073e955a46e481c713ee118432f3fd5dfa1a63fc1caefd648a56a389e40e6362dfd51625b0_012 9 9
1.0 31.0 
74 aaceaf4ad658a90db957967d2852b7dfa81b42f4ab8dbdf2f7c9847a6072e1741a6b0cbd2ea52f5669f2da1cdf925ec565d257320cf93b97bc9bc99f000e1871_000 9 9
5.0 23.0 
75 aaceaf4ad658a90db957967d2852b7dfa81b42f4ab8dbdf2f7c9847a6072e1741a6b0cbd2ea52f5669f2da1cdf925ec565d257320cf93b97bc9bc99f000e1871_001 9 9
5.0 23.0 
76 aaceaf4ad658a90db957967d2852b7dfa81b42f4ab8dbdf2f7c9847a6072e1741a6b0cbd2ea52f5669f2da1cdf925ec565d257320cf93b97bc9bc99f000e1871_002 9 9
5.0 23.0 
77 aaceaf4ad658a90db957967d2852b7dfa81b42f4ab8dbdf2f7c9847a6072e1741a6b0cbd2ea52f5669f2da1cdf925ec565d257320cf93b97bc9bc99f000e1871_003 9 9
5.0 23.0 
78 aaceaf4ad658a90db957967d2852b7dfa81b42f4ab8dbdf2f7c9847a6072e1741a6b0cbd2ea52f5669f2da1cdf925ec565d257320cf93b97bc9bc99f000e1871_004 8 9
5.0 23.0 
79 1c2bb3a40a82cba97b2937bc6825903a28ecfe91f993fc177a0f2ae003bcc7b1073eb49e35d3f0f69d6b612e8347e9c1b93306bf25a7e5390098c1a06845baac_002 9 9
0.0 31.0 
80 aaceaf4ad658a90db957967d2852b7dfa81b42f4ab8dbdf2f7c9847a6072e1741a6b0cbd2ea52f5669f2da1cdf925ec565d257320cf93b97bc9bc99f000e1871_005 8 9
5.0 23.0 
81 aaceaf4ad658a90db957967d2852b7dfa81b42f4ab8dbdf2f7c9847a6072e1741a6b0cbd2ea52f5669f2da1cdf925ec565d257320cf93b97bc9bc99f000e1871_006 8 9
5.0 23.0 
90 1c2bb3a40a82cba97b2937bc6825903a28ecfe91f993fc177a0f2ae003bcc7b1073eb49e35d3f0f69d6b612e8347e9c1b93306bf25a7e5390098c1a06845baac_003 9 9
0.0 31.0 
92 af81ffd4bc47e4f84cbf87051d82d15af14833eaba6c57ae82fc503a67eb939f3e6552182124605c38a77a6774f41fac2cc95082320ba5e29d303277c098c4ae_009 8 9
0.0 31.0 
93 af81ffd4bc47e4f84cbf87051d82d15af14833eaba6c57ae82fc503a67eb939f3e6552182124605c38a77a6774f41fac2cc95082320ba5e29d303277c098c4ae_011 9 9
0.0 31.0 
94 b1924d63a2e25b7c8d9a794093c4ae97fdceec9e0ea46b6a4b02d9a18b9ba9cecf07cb0c42c264a0947aec22b0bacff788a547a8250c2265f601581ab545bf82_000 3 9
29.0 30.0 
95 b1924d63a2e25b7c8d9a794093c4ae97fdceec9e0ea46b6a4b02d9a18b9ba9cecf07cb0c42c264a0947aec22b0bacff788a547a8250c2265f601581ab545bf82_001 7 9
29.0 30.0 
96 b1924d63a2e25b7c8d9a794093c4ae97fdceec9e0ea46b6a4b02d9a18b9ba9cecf07cb0c42c264a0947aec22b0bacff788a547a8250c2265f601581ab545bf82_002 0 9
29.0 30.0 
97 b1924d63a2e25b7c8d9a794093c4ae97fdceec9e0ea46b6a4b02d9a18b9ba9cecf07cb0c42c264a0947aec22b0bacff788a547a8250c2265f601581ab545bf82_003 7 9
29.0 30.0 
98 b1924d63a2e25b7c8d9a794093c4ae97fdceec9e0ea46b6a4b02d9a18b9ba9cecf07cb0c42c264a0947aec22b0bacff788a547a8250c2265f601581ab545bf82_004 9 9
5.0 24.0 
99 b6fd408d589fd1cce4003e2cf601a028e3c01042c8a274ddc384a1524cab2014154932e9cb48312af6af394ee6bee85603cab8dad3c9617a49b9d14dc482b578_000 9 9
0.0 31.0 
100 b6fd408d589fd1cce4003e2cf601a028e3c01042c8a274ddc384a1524cab2014154932e9cb48312af6af394ee6bee85603cab8dad3c9617a49b9d14dc482b578_002 9 9
0.0 31.0 
101 1c2bb3a40a82cba97b2937bc6825903a28ecfe91f993fc177a0f2ae003bcc7b1073eb49e35d3f0f69d6b612e8347e9c1b93306bf25a7e5390098c1a06845baac_016 9 9
0.0 31.0 
102 bfad6d21d636def8e9e72910c3eb0815f5747669e3a60fb10c6f7f421082d18e548dcfc5d4717bb6da075c36f067b37858d11528ce796b3226ae33719c5007ce_000 8 9
1.0 30.0 
103 bfad6d21d636def8e9e72910c3eb0815f5747669e3a60fb10c6f7f421082d18e548dcfc5d4717bb6da075c36f067b37858d11528ce796b3226ae33719c5007ce_001 8 9
1.0 30.0 
104 bfad6d21d636def8e9e72910c3eb0815f5747669e3a60fb10c6f7f421082d18e548dcfc5d4717bb6da075c36f067b37858d11528ce796b3226ae33719c5007ce_011 9 9
0.0 31.0 
105 c9d718f379a877bd04e4544ee830a1c4c256bb4f104f214afd1ccaf81e7b25dea689895678bb1e6f817d8b0939eb175f8e847130f30a9a22e980d38125933516_000 8 9
5.0 23.0 
106 c9d718f379a877bd04e4544ee830a1c4c256bb4f104f214afd1ccaf81e7b25dea689895678bb1e6f817d8b0939eb175f8e847130f30a9a22e980d38125933516_001 9 9
5.0 23.0 
107 c9d718f379a877bd04e4544ee830a1c4c256bb4f104f214afd1ccaf81e7b25dea689895678bb1e6f817d8b0939eb175f8e847130f30a9a22e980d38125933516_002 6 9
5.0 23.0 
108 c9d718f379a877bd04e4544ee830a1c4c256bb4f104f214afd1ccaf81e7b25dea689895678bb1e6f817d8b0939eb175f8e847130f30a9a22e980d38125933516_003 6 9
5.0 23.0 
109 c9d718f379a877bd04e4544ee830a1c4c256bb4f104f214afd1ccaf81e7b25dea689895678bb1e6f817d8b0939eb175f8e847130f30a9a22e980d38125933516_004 6 9
0.0 31.0 
110 ca94e3756cbf8d1490bad660c06307f5d678e3675bbea85359523809a4f06b370066767ea2d2d76d270e4712b464924f12e19dbf1a12d28b75d367ceb202dbb9_000 9 9
0.0 31.0 
111 ca94e3756cbf8d1490bad660c06307f5d678e3675bbea85359523809a4f06b370066767ea2d2d76d270e4712b464924f12e19dbf1a12d28b75d367ceb202dbb9_005 9 9
0.0 31.0 
112 070455301c2e18c7c89b850c2e86c311ac5fd223c84e723591012e163d60f11f5fd030343a444049a44940f8607d36c463f30556bf1efa98916d7417c2b4393c_010 9 9
0.0 31.0 
113 295afd8942816e14193424cec0b9802cea194a90b13253b85fd19b6caeada3830c60f1fb2fbbdc67a8f713be54b01a6ea116a7d206800df226d6285ece3a4736_000 5 9
1.0 30.0 
114 cb243bebea400595cc274d1246f3307c507ba6a0e891f6e318cde2b80a72de40dab19eb7f76d3b6573a08e446bce6fb4435cdb016ae6489973b855a9bddd3b11_000 9 9
0.0 31.0 
115 cb243bebea400595cc274d1246f3307c507ba6a0e891f6e318cde2b80a72de40dab19eb7f76d3b6573a08e446bce6fb4435cdb016ae6489973b855a9bddd3b11_001 9 9
0.0 31.0 
116 cb243bebea400595cc274d1246f3307c507ba6a0e891f6e318cde2b80a72de40dab19eb7f76d3b6573a08e446bce6fb4435cdb016ae6489973b855a9bddd3b11_002 9 9
0.0 31.0 
122 cd2d9b5b5cff96b07c5b22c0d139ffa2aa36b01823c9eb4db6eca19065a0ce2c4d2516bfcc2f1bc95daeae5b0bbd5e9c15b83feda776735e7bc3de6c49d25144_006 7 9
30.0 30.0 
123 cd2d9b5b5cff96b07c5b22c0d139ffa2aa36b01823c9eb4db6eca19065a0ce2c4d2516bfcc2f1bc95daeae5b0bbd5e9c15b83feda776735e7bc3de6c49d25144_007 7 9
1.0 30.0 
124 295afd8942816e14193424cec0b9802cea194a90b13253b85fd19b6caeada3830c60f1fb2fbbdc67a8f713be54b01a6ea116a7d206800df226d6285ece3a4736_001 5 9
1.0 30.0 
125 cd2d9b5b5cff96b07c5b22c0d139ffa2aa36b01823c9eb4db6eca19065a0ce2c4d2516bfcc2f1bc95daeae5b0bbd5e9c15b83feda776735e7bc3de6c49d25144_008 8 9
0.0 31.0 
126 cd2d9b5b5cff96b07c5b22c0d139ffa2aa36b01823c9eb4db6eca19065a0ce2c4d2516bfcc2f1bc95daeae5b0bbd5e9c15b83feda776735e7bc3de6c49d25144_009 8 9
0.0 31.0 
127 cd2d9b5b5cff96b07c5b22c0d139ffa2aa36b01823c9eb4db6eca19065a0ce2c4d2516bfcc2f1bc95daeae5b0bbd5e9c15b83feda776735e7bc3de6c49d25144_010 8 9
0.0 31.0 
128 cd2d9b5b5cff96b07c5b22c0d139ffa2aa36b01823c9eb4db6eca19065a0ce2c4d2516bfcc2f1bc95daeae5b0bbd5e9c15b83feda776735e7bc3de6c49d25144_011 8 9
0.0 31.0 
129 cd2d9b5b5cff96b07c5b22c0d139ffa2aa36b01823c9eb4db6eca19065a0ce2c4d2516bfcc2f1bc95daeae5b0bbd5e9c15b83feda776735e7bc3de6c49d25144_012 8 9
0.0 31.0 
130 cd2d9b5b5cff96b07c5b22c0d139ffa2aa36b01823c9eb4db6eca19065a0ce2c4d2516bfcc2f1bc95daeae5b0bbd5e9c15b83feda776735e7bc3de6c49d25144_013 9 9
0.0 31.0 
131 cd2d9b5b5cff96b07c5b22c0d139ffa2aa36b01823c9eb4db6eca19065a0ce2c4d2516bfcc2f1bc95daeae5b0bbd5e9c15b83feda776735e7bc3de6c49d25144_021 9 9
0.0 31.0 
132 d009aa71ece41454c68d8038b5462d8eea8feb291bce1d53ee149f8477b5eab62ee28c7f690bf14dc6ce1d70c8943f7f3b3e4300965cb24da4cd2d2807dab19a_000 9 9
0.0 31.0 
133 d009aa71ece41454c68d8038b5462d8eea8feb291bce1d53ee149f8477b5eab62ee28c7f690bf14dc6ce1d70c8943f7f3b3e4300965cb24da4cd2d2807dab19a_001 9 9
0.0 31.0 
134 d009aa71ece41454c68d8038b5462d8eea8feb291bce1d53ee149f8477b5eab62ee28c7f690bf14dc6ce1d70c8943f7f3b3e4300965cb24da4cd2d2807dab19a_002 9 9
0.0 31.0 
135 295afd8942816e14193424cec0b9802cea194a90b13253b85fd19b6caeada3830c60f1fb2fbbdc67a8f713be54b01a6ea116a7d206800df226d6285ece3a4736_002 5 9
1.0 30.0 
136 d009aa71ece41454c68d8038b5462d8eea8feb291bce1d53ee149f8477b5eab62ee28c7f690bf14dc6ce1d70c8943f7f3b3e4300965cb24da4cd2d2807dab19a_003 9 9
0.0 31.0 
137 d009aa71ece41454c68d8038b5462d8eea8feb291bce1d53ee149f8477b5eab62ee28c7f690bf14dc6ce1d70c8943f7f3b3e4300965cb24da4cd2d2807dab19a_004 9 9
0.0 31.0 
138 d009aa71ece41454c68d8038b5462d8eea8feb291bce1d53ee149f8477b5eab62ee28c7f690bf14dc6ce1d70c8943f7f3b3e4300965cb24da4cd2d2807dab19a_005 9 9
0.0 31.0 
139 d009aa71ece41454c68d8038b5462d8eea8feb291bce1d53ee149f8477b5eab62ee28c7f690bf14dc6ce1d70c8943f7f3b3e4300965cb24da4cd2d2807dab19a_006 9 9
0.0 31.0 
140 d6364e6e98a5c96387950d5b3e6206ba9d57628ab2ad0f2cd05ea7af3b818ed03e514157fe4c64e264a0ac9df0840028e0c5a8fd3d096f5ab93bffba61f23812_000 9 9
5.0 23.0 
141 d6364e6e98a5c96387950d5b3e6206ba9d57628ab2ad0f2cd05ea7af3b818ed03e514157fe4c64e264a0ac9df0840028e0c5a8fd3d096f5ab93bffba61f23812_001 9 9
5.0 23.0 
142 d6364e6e98a5c96387950d5b3e6206ba9d57628ab2ad0f2cd05ea7af3b818ed03e514157fe4c64e264a0ac9df0840028e0c5a8fd3d096f5ab93bffba61f23812_002 9 9
5.0 23.0 
143 d6364e6e98a5c96387950d5b3e6206ba9d57628ab2ad0f2cd05ea7af3b818ed03e514157fe4c64e264a0ac9df0840028e0c5a8fd3d096f5ab93bffba61f23812_003 9 9
5.0 23.0 
144 d6364e6e98a5c96387950d5b3e6206ba9d57628ab2ad0f2cd05ea7af3b818ed03e514157fe4c64e264a0ac9df0840028e0c5a8fd3d096f5ab93bffba61f23812_004 9 9
5.0 23.0 
145 d6364e6e98a5c96387950d5b3e6206ba9d57628ab2ad0f2cd05ea7af3b818ed03e514157fe4c64e264a0ac9df0840028e0c5a8fd3d096f5ab93bffba61f23812_005 9 9
5.0 23.0 
146 295afd8942816e14193424cec0b9802cea194a90b13253b85fd19b6caeada3830c60f1fb2fbbdc67a8f713be54b01a6ea116a7d206800df226d6285ece3a4736_003 5 9
1.0 30.0 
147 d6364e6e98a5c96387950d5b3e6206ba9d57628ab2ad0f2cd05ea7af3b818ed03e514157fe4c64e264a0ac9df0840028e0c5a8fd3d096f5ab93bffba61f23812_006 9 9
5.0 23.0 
148 d6364e6e98a5c96387950d5b3e6206ba9d57628ab2ad0f2cd05ea7af3b818ed03e514157fe4c64e264a0ac9df0840028e0c5a8fd3d096f5ab93bffba61f23812_007 9 9
5.0 23.0 
149 d8b262849e28496f80a8acf7de9758cf3f3a4edf023343521e2e0ac50ec485212a473405570d6c58de6756ae098600d9c7138390faa1aaf6bf3609a8d4016448_000 0 9
7.0 30.0 
150 d8b262849e28496f80a8acf7de9758cf3f3a4edf023343521e2e0ac50ec485212a473405570d6c58de6756ae098600d9c7138390faa1aaf6bf3609a8d4016448_001 0 9
7.0 30.0 
151 d8b262849e28496f80a8acf7de9758cf3f3a4edf023343521e2e0ac50ec485212a473405570d6c58de6756ae098600d9c7138390faa1aaf6bf3609a8d4016448_006 0 9
7.0 30.0 
152 dc11fbc9421c547961bfefcdc4044715a7131ceb484b10c8391745399298fcce81022dbb780a9efcac004486b7d989ef4bf0dfb5a4db7c599a8f9aa3393570ae_000 0 9
0.0 31.0 
153 dc11fbc9421c547961bfefcdc4044715a7131ceb484b10c8391745399298fcce81022dbb780a9efcac004486b7d989ef4bf0dfb5a4db7c599a8f9aa3393570ae_004 0 9
0.0 31.0 
154 dccb1242e60245b164eba39e7c2ae4d7140c2c8964675ee78c7d8bea4aae494217dcac52415ab45fd89391060d17b101d87530b8e5a0b9a5781d06fe7db614eb_001 7 9
0.0 31.0 
155 e23b96b6bab26bd14316cefafcbaa16dd8eafcfb97a7159a7772f3c8bb3e78fb353dea728f6b4df6528286af5f0b85fd134c79886c9c2a352fe80d8204c69111_000 8 9
1.0 30.0 
156 e23b96b6bab26bd14316cefafcbaa16dd8eafcfb97a7159a7772f3c8bb3e78fb353dea728f6b4df6528286af5f0b85fd134c79886c9c2a352fe80d8204c69111_001 8 9
4.0 23.0 
157 295afd8942816e14193424cec0b9802cea194a90b13253b85fd19b6caeada3830c60f1fb2fbbdc67a8f713be54b01a6ea116a7d206800df226d6285ece3a4736_004 5 9
1.0 30.0 
158 e23b96b6bab26bd14316cefafcbaa16dd8eafcfb97a7159a7772f3c8bb3e78fb353dea728f6b4df6528286af5f0b85fd134c79886c9c2a352fe80d8204c69111_002 8 9
4.0 23.0 
159 e23b96b6bab26bd14316cefafcbaa16dd8eafcfb97a7159a7772f3c8bb3e78fb353dea728f6b4df6528286af5f0b85fd134c79886c9c2a352fe80d8204c69111_003 9 9
5.0 23.0 
160 e23b96b6bab26bd14316cefafcbaa16dd8eafcfb97a7159a7772f3c8bb3e78fb353dea728f6b4df6528286af5f0b85fd134c79886c9c2a352fe80d8204c69111_004 9 9
5.0 23.0 
161 e23b96b6bab26bd14316cefafcbaa16dd8eafcfb97a7159a7772f3c8bb3e78fb353dea728f6b4df6528286af5f0b85fd134c79886c9c2a352fe80d8204c69111_005 9 9
5.0 23.0 
162 e23b96b6bab26bd14316cefafcbaa16dd8eafcfb97a7159a7772f3c8bb3e78fb353dea728f6b4df6528286af5f0b85fd134c79886c9c2a352fe80d8204c69111_010 9 9
5.0 23.0 
163 ee1f20ccded21df47f14019584a29968013d1e66c8df14c1564aff0d69f463c1897e93b7881fa6318cbf475b51e0cdd7523d748525fb5d64d376b88614d3fc92_000 9 9
5.0 23.0 
164 ee1f20ccded21df47f14019584a29968013d1e66c8df14c1564aff0d69f463c1897e93b7881fa6318cbf475b51e0cdd7523d748525fb5d64d376b88614d3fc92_001 9 9
5.0 23.0 
165 ee1f20ccded21df47f14019584a29968013d1e66c8df14c1564aff0d69f463c1897e93b7881fa6318cbf475b51e0cdd7523d748525fb5d64d376b88614d3fc92_008 9 9
5.0 23.0 
166 f5b56c79c624eac7c37c45c1540916bb9b5f5db93e2a426a282a5d0eacde86b4b1e5d1d119eeb06f0ead94d2e4f228dca8dde4ef511af4bc59a18d272d820a0e_000 5 9
1.0 30.0 
168 295afd8942816e14193424cec0b9802cea194a90b13253b85fd19b6caeada3830c60f1fb2fbbdc67a8f713be54b01a6ea116a7d206800df226d6285ece3a4736_005 5 9
1.0 30.0 
169 f5b56c79c624eac7c37c45c1540916bb9b5f5db93e2a426a282a5d0eacde86b4b1e5d1d119eeb06f0ead94d2e4f228dca8dde4ef511af4bc59a18d272d820a0e_002 9 9
0.0 31.0 
170 f5b56c79c624eac7c37c45c1540916bb9b5f5db93e2a426a282a5d0eacde86b4b1e5d1d119eeb06f0ead94d2e4f228dca8dde4ef511af4bc59a18d272d820a0e_003 9 9
0.0 31.0 
171 f5b56c79c624eac7c37c45c1540916bb9b5f5db93e2a426a282a5d0eacde86b4b1e5d1d119eeb06f0ead94d2e4f228dca8dde4ef511af4bc59a18d272d820a0e_004 9 9
0.0 31.0 
172 f5b56c79c624eac7c37c45c1540916bb9b5f5db93e2a426a282a5d0eacde86b4b1e5d1d119eeb06f0ead94d2e4f228dca8dde4ef511af4bc59a18d272d820a0e_005 9 9
0.0 31.0 
173 f5b56c79c624eac7c37c45c1540916bb9b5f5db93e2a426a282a5d0eacde86b4b1e5d1d119eeb06f0ead94d2e4f228dca8dde4ef511af4bc59a18d272d820a0e_006 9 9
0.0 31.0 
174 f5b56c79c624eac7c37c45c1540916bb9b5f5db93e2a426a282a5d0eacde86b4b1e5d1d119eeb06f0ead94d2e4f228dca8dde4ef511af4bc59a18d272d820a0e_007 9 9
0.0 31.0 
175 f5b56c79c624eac7c37c45c1540916bb9b5f5db93e2a426a282a5d0eacde86b4b1e5d1d119eeb06f0ead94d2e4f228dca8dde4ef511af4bc59a18d272d820a0e_008 9 9
0.0 31.0 
176 f5b56c79c624eac7c37c45c1540916bb9b5f5db93e2a426a282a5d0eacde86b4b1e5d1d119eeb06f0ead94d2e4f228dca8dde4ef511af4bc59a18d272d820a0e_009 9 9
0.0 31.0 
177 f5b56c79c624eac7c37c45c1540916bb9b5f5db93e2a426a282a5d0eacde86b4b1e5d1d119eeb06f0ead94d2e4f228dca8dde4ef511af4bc59a18d272d820a0e_010 9 9
0.0 31.0 
178 f5b56c79c624eac7c37c45c1540916bb9b5f5db93e2a426a282a5d0eacde86b4b1e5d1d119eeb06f0ead94d2e4f228dca8dde4ef511af4bc59a18d272d820a0e_011 9 9
0.0 31.0 
179 295afd8942816e14193424cec0b9802cea194a90b13253b85fd19b6caeada3830c60f1fb2fbbdc67a8f713be54b01a6ea116a7d206800df226d6285ece3a4736_006 5 9
1.0 30.0 
180 f5b56c79c624eac7c37c45c1540916bb9b5f5db93e2a426a282a5d0eacde86b4b1e5d1d119eeb06f0ead94d2e4f228dca8dde4ef511af4bc59a18d272d820a0e_012 9 9
0.0 31.0 
181 f5b56c79c624eac7c37c45c1540916bb9b5f5db93e2a426a282a5d0eacde86b4b1e5d1d119eeb06f0ead94d2e4f228dca8dde4ef511af4bc59a18d272d820a0e_013 9 9
0.0 31.0 
182 fe9d5fb933c758c2cbbd859e3ecbd2d2eaecc2843b57cfd97da99af24de59f189a144d13ce81ec585d7c2f7367f70c0fb2aec8269eed1fd8380def614817ef7c_000 9 9
0.0 31.0 
183 fe9d5fb933c758c2cbbd859e3ecbd2d2eaecc2843b57cfd97da99af24de59f189a144d13ce81ec585d7c2f7367f70c0fb2aec8269eed1fd8380def614817ef7c_001 9 9
0.0 31.0 
184 fe9d5fb933c758c2cbbd859e3ecbd2d2eaecc2843b57cfd97da99af24de59f189a144d13ce81ec585d7c2f7367f70c0fb2aec8269eed1fd8380def614817ef7c_002 9 9
0.0 31.0 
185 fe9d5fb933c758c2cbbd859e3ecbd2d2eaecc2843b57cfd97da99af24de59f189a144d13ce81ec585d7c2f7367f70c0fb2aec8269eed1fd8380def614817ef7c_003 9 9
0.0 31.0 
186 fe9d5fb933c758c2cbbd859e3ecbd2d2eaecc2843b57cfd97da99af24de59f189a144d13ce81ec585d7c2f7367f70c0fb2aec8269eed1fd8380def614817ef7c_004 9 9
0.0 31.0 
187 fe9d5fb933c758c2cbbd859e3ecbd2d2eaecc2843b57cfd97da99af24de59f189a144d13ce81ec585d7c2f7367f70c0fb2aec8269eed1fd8380def614817ef7c_008 9 9
0.0 31.0 
188 publicclassgradeJava268{ 4 9
1.0 30.0 
189 295afd8942816e14193424cec0b9802cea194a90b13253b85fd19b6caeada3830c60f1fb2fbbdc67a8f713be54b01a6ea116a7d206800df226d6285ece3a4736_007 5 9
1.0 30.0 
190 295afd8942816e14193424cec0b9802cea194a90b13253b85fd19b6caeada3830c60f1fb2fbbdc67a8f713be54b01a6ea116a7d206800df226d6285ece3a4736_008 5 9
1.0 30.0 
192 0cdfa335eea3c612e6fa3ad261276b0c3ebbc6ff0ff13c20bdc249bad29a8037ca6dc887dd28558964e1e1a24f47c4cffc05adba525285dc8b93660cdf9b8b7c_003 9 9
0.0 31.0 
193 295afd8942816e14193424cec0b9802cea194a90b13253b85fd19b6caeada3830c60f1fb2fbbdc67a8f713be54b01a6ea116a7d206800df226d6285ece3a4736_010 5 9
1.0 30.0 
194 295afd8942816e14193424cec0b9802cea194a90b13253b85fd19b6caeada3830c60f1fb2fbbdc67a8f713be54b01a6ea116a7d206800df226d6285ece3a4736_011 5 9
1.0 30.0 
195 295afd8942816e14193424cec0b9802cea194a90b13253b85fd19b6caeada3830c60f1fb2fbbdc67a8f713be54b01a6ea116a7d206800df226d6285ece3a4736_012 5 9
1.0 30.0 
196 295afd8942816e14193424cec0b9802cea194a90b13253b85fd19b6caeada3830c60f1fb2fbbdc67a8f713be54b01a6ea116a7d206800df226d6285ece3a4736_014 9 9
0.0 31.0 
197 30074a0e036669b5681720e6481cc101877d52ee589bab434417ece22b4133ed584c6a84f80047c10ab47aa73a7807720b5375983e8b489e8e69978e5e0e8b71_001 9 9
5.0 23.0 
198 30074a0e036669b5681720e6481cc101877d52ee589bab434417ece22b4133ed584c6a84f80047c10ab47aa73a7807720b5375983e8b489e8e69978e5e0e8b71_002 9 9
5.0 23.0 
199 30074a0e036669b5681720e6481cc101877d52ee589bab434417ece22b4133ed584c6a84f80047c10ab47aa73a7807720b5375983e8b489e8e69978e5e0e8b71_003 9 9
5.0 23.0 
200 30074a0e036669b5681720e6481cc101877d52ee589bab434417ece22b4133ed584c6a84f80047c10ab47aa73a7807720b5375983e8b489e8e69978e5e0e8b71_004 9 9
5.0 23.0 
201 30074a0e036669b5681720e6481cc101877d52ee589bab434417ece22b4133ed584c6a84f80047c10ab47aa73a7807720b5375983e8b489e8e69978e5e0e8b71_015 9 9
5.0 23.0 
203 0cdfa335eea3c612e6fa3ad261276b0c3ebbc6ff0ff13c20bdc249bad29a8037ca6dc887dd28558964e1e1a24f47c4cffc05adba525285dc8b93660cdf9b8b7c_013 9 9
0.0 31.0 
206 317aa7055d3b7337ab43b73863692d1288ca246c473f9fd176bc737a7c3e1e08c37a15603cfb7bfc86f7bc2dcc239967b79b605aec11f86ae3ab90dc140b540f_003 9 9
8.0 27.0 
207 317aa7055d3b7337ab43b73863692d1288ca246c473f9fd176bc737a7c3e1e08c37a15603cfb7bfc86f7bc2dcc239967b79b605aec11f86ae3ab90dc140b540f_004 9 9
30.0 27.0 
208 317aa7055d3b7337ab43b73863692d1288ca246c473f9fd176bc737a7c3e1e08c37a15603cfb7bfc86f7bc2dcc239967b79b605aec11f86ae3ab90dc140b540f_007 9 9
29.0 23.0 
209 36d8008b13f6475ca8fa4553fea10042b0a6c623665065672051445c3464d61b29b47cb66321844a0264505a0f5ccf5aa6de072aa266b5a8b0cf13198380a389_000 9 9
0.0 31.0 
210 36d8008b13f6475ca8fa4553fea10042b0a6c623665065672051445c3464d61b29b47cb66321844a0264505a0f5ccf5aa6de072aa266b5a8b0cf13198380a389_001 9 9
0.0 31.0 
211 387be36eafae90e7b26450a56b535f6779e881ed8916bbab08bceeb78d8ea474757d46977e2943e6b07dfe150757f53679b911e113ef68a13cd1e75b3daf18d7_000 9 9
5.0 24.0 
212 387be36eafae90e7b26450a56b535f6779e881ed8916bbab08bceeb78d8ea474757d46977e2943e6b07dfe150757f53679b911e113ef68a13cd1e75b3daf18d7_001 9 9
5.0 24.0 
213 3b2376ab97bb5d1a5dbbf2b45cf062db320757549c761936d19df05e856de894e45695014cd8063cdc22148b13fa1803b3c9e77356931d66f4fbec0efacf7829_000 8 9
30.0 31.0 
214 0cea42f9680f35f5a84c724c396d4d588b65c303453f9585562f2e2af8db74f5096a83a70b17c5126538222b111a0795a34e9fb6db95d62d771d01592abe3ff6_000 9 9
8.0 30.0 
215 3b2376ab97bb5d1a5dbbf2b45cf062db320757549c761936d19df05e856de894e45695014cd8063cdc22148b13fa1803b3c9e77356931d66f4fbec0efacf7829_001 8 9
30.0 31.0 
216 3b2376ab97bb5d1a5dbbf2b45cf062db320757549c761936d19df05e856de894e45695014cd8063cdc22148b13fa1803b3c9e77356931d66f4fbec0efacf7829_002 8 9
30.0 31.0 
217 3b2376ab97bb5d1a5dbbf2b45cf062db320757549c761936d19df05e856de894e45695014cd8063cdc22148b13fa1803b3c9e77356931d66f4fbec0efacf7829_003 8 9
30.0 31.0 
218 3b2376ab97bb5d1a5dbbf2b45cf062db320757549c761936d19df05e856de894e45695014cd8063cdc22148b13fa1803b3c9e77356931d66f4fbec0efacf7829_004 8 9
30.0 31.0 
219 3b2376ab97bb5d1a5dbbf2b45cf062db320757549c761936d19df05e856de894e45695014cd8063cdc22148b13fa1803b3c9e77356931d66f4fbec0efacf7829_005 8 9
30.0 31.0 
220 3b2376ab97bb5d1a5dbbf2b45cf062db320757549c761936d19df05e856de894e45695014cd8063cdc22148b13fa1803b3c9e77356931d66f4fbec0efacf7829_006 8 9
30.0 31.0 
221 3b2376ab97bb5d1a5dbbf2b45cf062db320757549c761936d19df05e856de894e45695014cd8063cdc22148b13fa1803b3c9e77356931d66f4fbec0efacf7829_007 8 9
30.0 31.0 
222 3b2376ab97bb5d1a5dbbf2b45cf062db320757549c761936d19df05e856de894e45695014cd8063cdc22148b13fa1803b3c9e77356931d66f4fbec0efacf7829_016 9 9
0.0 31.0 
223 3cf6d33ab0357953aa5826c67dc74c4aa483f16ef04c973a68d58cda6f19ea712954b24f366f880b9c18b628c6605eabc4d3e80dc4aa120fac80fe680e2e708f_001 7 9
0.0 31.0 
224 3cf6d33ab0357953aa5826c67dc74c4aa483f16ef04c973a68d58cda6f19ea712954b24f366f880b9c18b628c6605eabc4d3e80dc4aa120fac80fe680e2e708f_002 7 9
0.0 31.0 
225 0cea42f9680f35f5a84c724c396d4d588b65c303453f9585562f2e2af8db74f5096a83a70b17c5126538222b111a0795a34e9fb6db95d62d771d01592abe3ff6_001 9 9
0.0 31.0 
226 3cf6d33ab0357953aa5826c67dc74c4aa483f16ef04c973a68d58cda6f19ea712954b24f366f880b9c18b628c6605eabc4d3e80dc4aa120fac80fe680e2e708f_003 7 9
0.0 31.0 
227 3cf6d33ab0357953aa5826c67dc74c4aa483f16ef04c973a68d58cda6f19ea712954b24f366f880b9c18b628c6605eabc4d3e80dc4aa120fac80fe680e2e708f_004 7 9
0.0 31.0 
228 3cf6d33ab0357953aa5826c67dc74c4aa483f16ef04c973a68d58cda6f19ea712954b24f366f880b9c18b628c6605eabc4d3e80dc4aa120fac80fe680e2e708f_005 7 9
0.0 31.0 
229 3cf6d33ab0357953aa5826c67dc74c4aa483f16ef04c973a68d58cda6f19ea712954b24f366f880b9c18b628c6605eabc4d3e80dc4aa120fac80fe680e2e708f_006 7 9
0.0 31.0 
230 3cf6d33ab0357953aa5826c67dc74c4aa483f16ef04c973a68d58cda6f19ea712954b24f366f880b9c18b628c6605eabc4d3e80dc4aa120fac80fe680e2e708f_007 7 9
0.0 31.0 
231 3cf6d33ab0357953aa5826c67dc74c4aa483f16ef04c973a68d58cda6f19ea712954b24f366f880b9c18b628c6605eabc4d3e80dc4aa120fac80fe680e2e708f_008 7 9
0.0 31.0 
232 3cf6d33ab0357953aa5826c67dc74c4aa483f16ef04c973a68d58cda6f19ea712954b24f366f880b9c18b628c6605eabc4d3e80dc4aa120fac80fe680e2e708f_009 7 9
0.0 31.0 
233 3cf6d33ab0357953aa5826c67dc74c4aa483f16ef04c973a68d58cda6f19ea712954b24f366f880b9c18b628c6605eabc4d3e80dc4aa120fac80fe680e2e708f_010 7 9
0.0 31.0 
234 3cf6d33ab0357953aa5826c67dc74c4aa483f16ef04c973a68d58cda6f19ea712954b24f366f880b9c18b628c6605eabc4d3e80dc4aa120fac80fe680e2e708f_011 7 9
0.0 31.0 
235 3cf6d33ab0357953aa5826c67dc74c4aa483f16ef04c973a68d58cda6f19ea712954b24f366f880b9c18b628c6605eabc4d3e80dc4aa120fac80fe680e2e708f_012 7 9
0.0 31.0 
236 0cea42f9680f35f5a84c724c396d4d588b65c303453f9585562f2e2af8db74f5096a83a70b17c5126538222b111a0795a34e9fb6db95d62d771d01592abe3ff6_002 9 9
0.0 31.0 
237 3cf6d33ab0357953aa5826c67dc74c4aa483f16ef04c973a68d58cda6f19ea712954b24f366f880b9c18b628c6605eabc4d3e80dc4aa120fac80fe680e2e708f_013 7 9
0.0 31.0 
238 489253253c866aa61b6b0d95c6072d3912f6b78dfbc01bdb2fbb663aefe33d6d353b1a61bb5fc567c9d6c334994111816edd3d43db47e4ea4a84953198736ff7_000 9 9
5.0 23.0 
239 489253253c866aa61b6b0d95c6072d3912f6b78dfbc01bdb2fbb663aefe33d6d353b1a61bb5fc567c9d6c334994111816edd3d43db47e4ea4a84953198736ff7_001 9 9
5.0 23.0 
240 489253253c866aa61b6b0d95c6072d3912f6b78dfbc01bdb2fbb663aefe33d6d353b1a61bb5fc567c9d6c334994111816edd3d43db47e4ea4a84953198736ff7_002 9 9
5.0 23.0 
241 489253253c866aa61b6b0d95c6072d3912f6b78dfbc01bdb2fbb663aefe33d6d353b1a61bb5fc567c9d6c334994111816edd3d43db47e4ea4a84953198736ff7_003 9 9
5.0 23.0 
242 489253253c866aa61b6b0d95c6072d3912f6b78dfbc01bdb2fbb663aefe33d6d353b1a61bb5fc567c9d6c334994111816edd3d43db47e4ea4a84953198736ff7_004 9 9
5.0 23.0 
243 489253253c866aa61b6b0d95c6072d3912f6b78dfbc01bdb2fbb663aefe33d6d353b1a61bb5fc567c9d6c334994111816edd3d43db47e4ea4a84953198736ff7_005 9 9
5.0 23.0 
244 489253253c866aa61b6b0d95c6072d3912f6b78dfbc01bdb2fbb663aefe33d6d353b1a61bb5fc567c9d6c334994111816edd3d43db47e4ea4a84953198736ff7_006 9 9
5.0 23.0 
245 489253253c866aa61b6b0d95c6072d3912f6b78dfbc01bdb2fbb663aefe33d6d353b1a61bb5fc567c9d6c334994111816edd3d43db47e4ea4a84953198736ff7_007 9 9
5.0 23.0 
246 489253253c866aa61b6b0d95c6072d3912f6b78dfbc01bdb2fbb663aefe33d6d353b1a61bb5fc567c9d6c334994111816edd3d43db47e4ea4a84953198736ff7_008 9 9
5.0 23.0 
247 0cea42f9680f35f5a84c724c396d4d588b65c303453f9585562f2e2af8db74f5096a83a70b17c5126538222b111a0795a34e9fb6db95d62d771d01592abe3ff6_003 9 9
0.0 31.0 
248 489253253c866aa61b6b0d95c6072d3912f6b78dfbc01bdb2fbb663aefe33d6d353b1a61bb5fc567c9d6c334994111816edd3d43db47e4ea4a84953198736ff7_009 9 9
5.0 23.0 
249 489253253c866aa61b6b0d95c6072d3912f6b78dfbc01bdb2fbb663aefe33d6d353b1a61bb5fc567c9d6c334994111816edd3d43db47e4ea4a84953198736ff7_010 9 9
5.0 23.0 
250 489253253c866aa61b6b0d95c6072d3912f6b78dfbc01bdb2fbb663aefe33d6d353b1a61bb5fc567c9d6c334994111816edd3d43db47e4ea4a84953198736ff7_011 9 9
5.0 23.0 
251 489253253c866aa61b6b0d95c6072d3912f6b78dfbc01bdb2fbb663aefe33d6d353b1a61bb5fc567c9d6c334994111816edd3d43db47e4ea4a84953198736ff7_012 9 9
5.0 23.0 
252 48b82975576f07f162163145b334648a73321d003a0a8cd4577172e48ce4836e63953dffd4460a9a7aadc511a695ff93de0ce2baf953e4b78b747440caa736a6_000 8 9
0.0 31.0 
253 48b82975576f07f162163145b334648a73321d003a0a8cd4577172e48ce4836e63953dffd4460a9a7aadc511a695ff93de0ce2baf953e4b78b747440caa736a6_001 9 9
0.0 31.0 
254 531924c0915a9fa7b02951d5de7cc2b0da19d57a6be3b667c064bec1d5db14b955c30483b24273dd8d11a609a81726c4e6ab964009eb716f8b60adcf5f6fd7e8_000 6 9
5.0 24.0 
255 531924c0915a9fa7b02951d5de7cc2b0da19d57a6be3b667c064bec1d5db14b955c30483b24273dd8d11a609a81726c4e6ab964009eb716f8b60adcf5f6fd7e8_001 6 9
5.0 24.0 
256 531924c0915a9fa7b02951d5de7cc2b0da19d57a6be3b667c064bec1d5db14b955c30483b24273dd8d11a609a81726c4e6ab964009eb716f8b60adcf5f6fd7e8_002 9 9
5.0 24.0 
257 5b504b3547416bfd54f138b3caa529ad72d157744b787e0e6f4745a2ff0fc5cc33bc87904b2d7cda9c7858087b2e04ece46d53fe9edd208f68d30a0ae70f363f_000 9 9
0.0 31.0 
258 0cea42f9680f35f5a84c724c396d4d588b65c303453f9585562f2e2af8db74f5096a83a70b17c5126538222b111a0795a34e9fb6db95d62d771d01592abe3ff6_004 9 9
0.0 31.0 
259 5b504b3547416bfd54f138b3caa529ad72d157744b787e0e6f4745a2ff0fc5cc33bc87904b2d7cda9c7858087b2e04ece46d53fe9edd208f68d30a0ae70f363f_002 9 9
0.0 31.0 
260 68ea5d3466c7a9fb4a9219015d32f37de45f50df920793d79bc6028242a1913e9fa55a6da8262f1bc1f64b15e481dcd74d30dc36a54704a8abeac07d06f0f591_000 9 9
5.0 23.0 
261 68ea5d3466c7a9fb4a9219015d32f37de45f50df920793d79bc6028242a1913e9fa55a6da8262f1bc1f64b15e481dcd74d30dc36a54704a8abeac07d06f0f591_001 9 9
5.0 23.0 
262 6e464f2b5ba1d5ad3d4fc366e7d7712b424aabd8b41ca36257115a16416d202feb27397a413d04944c9ac76976fa8ff8ae646144855e08791ebf9593d1caaaca_000 3 9
30.0 30.0 
263 6e464f2b5ba1d5ad3d4fc366e7d7712b424aabd8b41ca36257115a16416d202feb27397a413d04944c9ac76976fa8ff8ae646144855e08791ebf9593d1caaaca_004 9 9
0.0 31.0 
264 75c98d3d90ca9a022bbf45421aa04a07f37da8a126811259bc4873e9458baab0a4863fa6664e5735c60172b34a16ed5acef892635f4f16e6d5737fb3685d0356_001 9 9
24.0 18.0 
265 75c98d3d90ca9a022bbf45421aa04a07f37da8a126811259bc4873e9458baab0a4863fa6664e5735c60172b34a16ed5acef892635f4f16e6d5737fb3685d0356_002 9 9
24.0 18.0 
266 75c98d3d90ca9a022bbf45421aa04a07f37da8a126811259bc4873e9458baab0a4863fa6664e5735c60172b34a16ed5acef892635f4f16e6d5737fb3685d0356_003 9 9
24.0 18.0 
267 75c98d3d90ca9a022bbf45421aa04a07f37da8a126811259bc4873e9458baab0a4863fa6664e5735c60172b34a16ed5acef892635f4f16e6d5737fb3685d0356_004 9 9
24.0 18.0 
268 75c98d3d90ca9a022bbf45421aa04a07f37da8a126811259bc4873e9458baab0a4863fa6664e5735c60172b34a16ed5acef892635f4f16e6d5737fb3685d0356_009 9 9
5.0 24.0 
