0 070455301c2e18c7c89b850c2e86c311ac5fd223c84e723591012e163d60f11f5fd030343a444049a44940f8607d36c463f30556bf1efa98916d7417c2b4393c_000 6 6
12.0 30.0 
1 070455301c2e18c7c89b850c2e86c311ac5fd223c84e723591012e163d60f11f5fd030343a444049a44940f8607d36c463f30556bf1efa98916d7417c2b4393c_001 4 6
22.0 22.0 
2 0cea42f9680f35f5a84c724c396d4d588b65c303453f9585562f2e2af8db74f5096a83a70b17c5126538222b111a0795a34e9fb6db95d62d771d01592abe3ff6_002 3 6
25.0 18.0 
3 8c7dfbb2b3654d4ab39c56f7a0093e1013b35b5c8444f9715d08561bd4abeec2f95cdf5118b993aada0ca3c50b4f8692c4b8ddeeb2d8b2ad1cd7b4a046941b16_006 3 6
64.0 21.0 
4 8c7dfbb2b3654d4ab39c56f7a0093e1013b35b5c8444f9715d08561bd4abeec2f95cdf5118b993aada0ca3c50b4f8692c4b8ddeeb2d8b2ad1cd7b4a046941b16_007 3 6
64.0 21.0 
5 8c7dfbb2b3654d4ab39c56f7a0093e1013b35b5c8444f9715d08561bd4abeec2f95cdf5118b993aada0ca3c50b4f8692c4b8ddeeb2d8b2ad1cd7b4a046941b16_008 3 6
64.0 21.0 
6 9013bd3be8c00de447e6ed49a0fe0fab037251c28e26954bf780f2f3b929a9e7ce9da037811c76028e4069d3857410f82b8f399c7fa4386ea8f97f80aab1f191_000 3 6
64.0 21.0 
7 9083480332b4a5e4274f3bf5ef8bd5d1bd75048c0c066e574c27a2de6d919d658efc519e8b6a230a074eb5f2957d5768f4dc981a8e926c3a72993bc448a017f7_000 3 6
32.0 11.0 
8 9083480332b4a5e4274f3bf5ef8bd5d1bd75048c0c066e574c27a2de6d919d658efc519e8b6a230a074eb5f2957d5768f4dc981a8e926c3a72993bc448a017f7_001 6 6
21.0 29.0 
9 9083480332b4a5e4274f3bf5ef8bd5d1bd75048c0c066e574c27a2de6d919d658efc519e8b6a230a074eb5f2957d5768f4dc981a8e926c3a72993bc448a017f7_002 6 6
21.0 29.0 
10 9083480332b4a5e4274f3bf5ef8bd5d1bd75048c0c066e574c27a2de6d919d658efc519e8b6a230a074eb5f2957d5768f4dc981a8e926c3a72993bc448a017f7_003 6 6
21.0 29.0 
11 9083480332b4a5e4274f3bf5ef8bd5d1bd75048c0c066e574c27a2de6d919d658efc519e8b6a230a074eb5f2957d5768f4dc981a8e926c3a72993bc448a017f7_004 6 6
21.0 29.0 
12 9083480332b4a5e4274f3bf5ef8bd5d1bd75048c0c066e574c27a2de6d919d658efc519e8b6a230a074eb5f2957d5768f4dc981a8e926c3a72993bc448a017f7_005 6 6
21.0 29.0 
13 0cea42f9680f35f5a84c724c396d4d588b65c303453f9585562f2e2af8db74f5096a83a70b17c5126538222b111a0795a34e9fb6db95d62d771d01592abe3ff6_003 3 6
25.0 18.0 
14 9083480332b4a5e4274f3bf5ef8bd5d1bd75048c0c066e574c27a2de6d919d658efc519e8b6a230a074eb5f2957d5768f4dc981a8e926c3a72993bc448a017f7_006 6 6
21.0 29.0 
15 9083480332b4a5e4274f3bf5ef8bd5d1bd75048c0c066e574c27a2de6d919d658efc519e8b6a230a074eb5f2957d5768f4dc981a8e926c3a72993bc448a017f7_007 6 6
25.0 22.0 
16 9083480332b4a5e4274f3bf5ef8bd5d1bd75048c0c066e574c27a2de6d919d658efc519e8b6a230a074eb5f2957d5768f4dc981a8e926c3a72993bc448a017f7_008 6 6
25.0 22.0 
17 9083480332b4a5e4274f3bf5ef8bd5d1bd75048c0c066e574c27a2de6d919d658efc519e8b6a230a074eb5f2957d5768f4dc981a8e926c3a72993bc448a017f7_009 6 6
25.0 22.0 
18 9083480332b4a5e4274f3bf5ef8bd5d1bd75048c0c066e574c27a2de6d919d658efc519e8b6a230a074eb5f2957d5768f4dc981a8e926c3a72993bc448a017f7_010 6 6
25.0 22.0 
19 9083480332b4a5e4274f3bf5ef8bd5d1bd75048c0c066e574c27a2de6d919d658efc519e8b6a230a074eb5f2957d5768f4dc981a8e926c3a72993bc448a017f7_011 6 6
25.0 22.0 
20 9083480332b4a5e4274f3bf5ef8bd5d1bd75048c0c066e574c27a2de6d919d658efc519e8b6a230a074eb5f2957d5768f4dc981a8e926c3a72993bc448a017f7_012 6 6
25.0 22.0 
21 9083480332b4a5e4274f3bf5ef8bd5d1bd75048c0c066e574c27a2de6d919d658efc519e8b6a230a074eb5f2957d5768f4dc981a8e926c3a72993bc448a017f7_013 6 6
25.0 22.0 
22 9083480332b4a5e4274f3bf5ef8bd5d1bd75048c0c066e574c27a2de6d919d658efc519e8b6a230a074eb5f2957d5768f4dc981a8e926c3a72993bc448a017f7_014 6 6
25.0 22.0 
23 9083480332b4a5e4274f3bf5ef8bd5d1bd75048c0c066e574c27a2de6d919d658efc519e8b6a230a074eb5f2957d5768f4dc981a8e926c3a72993bc448a017f7_015 6 6
25.0 22.0 
24 0cea42f9680f35f5a84c724c396d4d588b65c303453f9585562f2e2af8db74f5096a83a70b17c5126538222b111a0795a34e9fb6db95d62d771d01592abe3ff6_004 3 6
25.0 18.0 
25 9083480332b4a5e4274f3bf5ef8bd5d1bd75048c0c066e574c27a2de6d919d658efc519e8b6a230a074eb5f2957d5768f4dc981a8e926c3a72993bc448a017f7_018 3 6
22.0 23.0 
26 90a14c1ac8f56395389fade6f67872a9684e61f83099e634ac675eae04f391f3cc2b6f6ebe966f2488ce7e00a2cabb218f3b1372d4161b3c05d134b1b7f296d2_000 6 6
22.0 21.0 
27 90a14c1ac8f56395389fade6f67872a9684e61f83099e634ac675eae04f391f3cc2b6f6ebe966f2488ce7e00a2cabb218f3b1372d4161b3c05d134b1b7f296d2_001 3 6
25.0 24.0 
28 90a14c1ac8f56395389fade6f67872a9684e61f83099e634ac675eae04f391f3cc2b6f6ebe966f2488ce7e00a2cabb218f3b1372d4161b3c05d134b1b7f296d2_002 3 6
25.0 24.0 
29 90a14c1ac8f56395389fade6f67872a9684e61f83099e634ac675eae04f391f3cc2b6f6ebe966f2488ce7e00a2cabb218f3b1372d4161b3c05d134b1b7f296d2_003 3 6
25.0 24.0 
30 90a14c1ac8f56395389fade6f67872a9684e61f83099e634ac675eae04f391f3cc2b6f6ebe966f2488ce7e00a2cabb218f3b1372d4161b3c05d134b1b7f296d2_004 4 6
37.0 21.0 
31 90a14c1ac8f56395389fade6f67872a9684e61f83099e634ac675eae04f391f3cc2b6f6ebe966f2488ce7e00a2cabb218f3b1372d4161b3c05d134b1b7f296d2_005 4 6
37.0 21.0 
32 93f87bf20be12abd3b52e14015efb6d78b6038d2022e0ab5889979f9c6b6c8c757d6b5a59feae9f8415158057992ae837da76609dc156ea76b5cca7a43a4678b_001 4 6
37.0 21.0 
33 93f87bf20be12abd3b52e14015efb6d78b6038d2022e0ab5889979f9c6b6c8c757d6b5a59feae9f8415158057992ae837da76609dc156ea76b5cca7a43a4678b_002 3 6
22.0 24.0 
34 93f87bf20be12abd3b52e14015efb6d78b6038d2022e0ab5889979f9c6b6c8c757d6b5a59feae9f8415158057992ae837da76609dc156ea76b5cca7a43a4678b_003 3 6
22.0 24.0 
35 0cea42f9680f35f5a84c724c396d4d588b65c303453f9585562f2e2af8db74f5096a83a70b17c5126538222b111a0795a34e9fb6db95d62d771d01592abe3ff6_005 3 6
25.0 18.0 
36 93f87bf20be12abd3b52e14015efb6d78b6038d2022e0ab5889979f9c6b6c8c757d6b5a59feae9f8415158057992ae837da76609dc156ea76b5cca7a43a4678b_004 3 6
22.0 24.0 
37 93f87bf20be12abd3b52e14015efb6d78b6038d2022e0ab5889979f9c6b6c8c757d6b5a59feae9f8415158057992ae837da76609dc156ea76b5cca7a43a4678b_005 3 6
22.0 24.0 
38 93f87bf20be12abd3b52e14015efb6d78b6038d2022e0ab5889979f9c6b6c8c757d6b5a59feae9f8415158057992ae837da76609dc156ea76b5cca7a43a4678b_006 3 6
22.0 24.0 
39 93f87bf20be12abd3b52e14015efb6d78b6038d2022e0ab5889979f9c6b6c8c757d6b5a59feae9f8415158057992ae837da76609dc156ea76b5cca7a43a4678b_007 3 6
22.0 24.0 
40 93f87bf20be12abd3b52e14015efb6d78b6038d2022e0ab5889979f9c6b6c8c757d6b5a59feae9f8415158057992ae837da76609dc156ea76b5cca7a43a4678b_008 3 6
22.0 24.0 
41 93f87bf20be12abd3b52e14015efb6d78b6038d2022e0ab5889979f9c6b6c8c757d6b5a59feae9f8415158057992ae837da76609dc156ea76b5cca7a43a4678b_009 3 6
22.0 24.0 
42 93f87bf20be12abd3b52e14015efb6d78b6038d2022e0ab5889979f9c6b6c8c757d6b5a59feae9f8415158057992ae837da76609dc156ea76b5cca7a43a4678b_010 3 6
22.0 24.0 
43 93f87bf20be12abd3b52e14015efb6d78b6038d2022e0ab5889979f9c6b6c8c757d6b5a59feae9f8415158057992ae837da76609dc156ea76b5cca7a43a4678b_011 3 6
22.0 24.0 
44 93f87bf20be12abd3b52e14015efb6d78b6038d2022e0ab5889979f9c6b6c8c757d6b5a59feae9f8415158057992ae837da76609dc156ea76b5cca7a43a4678b_012 3 6
22.0 24.0 
45 93f87bf20be12abd3b52e14015efb6d78b6038d2022e0ab5889979f9c6b6c8c757d6b5a59feae9f8415158057992ae837da76609dc156ea76b5cca7a43a4678b_013 6 6
22.0 22.0 
46 0cea42f9680f35f5a84c724c396d4d588b65c303453f9585562f2e2af8db74f5096a83a70b17c5126538222b111a0795a34e9fb6db95d62d771d01592abe3ff6_006 3 6
25.0 18.0 
47 93f87bf20be12abd3b52e14015efb6d78b6038d2022e0ab5889979f9c6b6c8c757d6b5a59feae9f8415158057992ae837da76609dc156ea76b5cca7a43a4678b_014 6 6
22.0 22.0 
48 93f87bf20be12abd3b52e14015efb6d78b6038d2022e0ab5889979f9c6b6c8c757d6b5a59feae9f8415158057992ae837da76609dc156ea76b5cca7a43a4678b_015 6 6
22.0 22.0 
49 93f87bf20be12abd3b52e14015efb6d78b6038d2022e0ab5889979f9c6b6c8c757d6b5a59feae9f8415158057992ae837da76609dc156ea76b5cca7a43a4678b_016 6 6
22.0 22.0 
50 95362737dcd262ddd67b0fe1381c25f1e6b885860b4e51efb6f57223dceb77b4c6c7d855e3fe891c10cd51b48c9b052cf2c74f181a28d3020d77a4a2d6e4db18_000 6 6
22.0 22.0 
51 95362737dcd262ddd67b0fe1381c25f1e6b885860b4e51efb6f57223dceb77b4c6c7d855e3fe891c10cd51b48c9b052cf2c74f181a28d3020d77a4a2d6e4db18_001 5 6
20.0 17.0 
52 95362737dcd262ddd67b0fe1381c25f1e6b885860b4e51efb6f57223dceb77b4c6c7d855e3fe891c10cd51b48c9b052cf2c74f181a28d3020d77a4a2d6e4db18_002 5 6
20.0 17.0 
53 95362737dcd262ddd67b0fe1381c25f1e6b885860b4e51efb6f57223dceb77b4c6c7d855e3fe891c10cd51b48c9b052cf2c74f181a28d3020d77a4a2d6e4db18_003 5 6
20.0 17.0 
54 95362737dcd262ddd67b0fe1381c25f1e6b885860b4e51efb6f57223dceb77b4c6c7d855e3fe891c10cd51b48c9b052cf2c74f181a28d3020d77a4a2d6e4db18_018 5 6
20.0 17.0 
55 97f6b15278788d90f6a0159ac65668f63f182fadf165e78bfecd7750de89f8611759f8d8206b3505407f7de14d124db7b0309a53e222c538c4dedadc6fa24fe6_000 6 6
20.0 22.0 
56 97f6b15278788d90f6a0159ac65668f63f182fadf165e78bfecd7750de89f8611759f8d8206b3505407f7de14d124db7b0309a53e222c538c4dedadc6fa24fe6_001 2 6
16.0 34.0 
57 0cea42f9680f35f5a84c724c396d4d588b65c303453f9585562f2e2af8db74f5096a83a70b17c5126538222b111a0795a34e9fb6db95d62d771d01592abe3ff6_007 3 6
25.0 18.0 
58 97f6b15278788d90f6a0159ac65668f63f182fadf165e78bfecd7750de89f8611759f8d8206b3505407f7de14d124db7b0309a53e222c538c4dedadc6fa24fe6_003 2 6
16.0 34.0 
59 97f6b15278788d90f6a0159ac65668f63f182fadf165e78bfecd7750de89f8611759f8d8206b3505407f7de14d124db7b0309a53e222c538c4dedadc6fa24fe6_008 3 6
25.0 18.0 
60 98d873cde39437ae581e6b61ce30ca54634c9c1517b46a0f2774cb12db474b5a37759281b19283c60dbcfa44ac3e05d474a896310f64e8533603b1db73457494_000 6 6
25.0 17.0 
61 98d873cde39437ae581e6b61ce30ca54634c9c1517b46a0f2774cb12db474b5a37759281b19283c60dbcfa44ac3e05d474a896310f64e8533603b1db73457494_001 3 6
24.0 18.0 
62 98d873cde39437ae581e6b61ce30ca54634c9c1517b46a0f2774cb12db474b5a37759281b19283c60dbcfa44ac3e05d474a896310f64e8533603b1db73457494_008 3 6
24.0 18.0 
63 9c9308d4cdf5bc5dfe6efc2b1a9c9bc9a44fbff73c5367c97e3be37861bbb3ba9ac7ad3ddec74dc66e34fe8f0804e46186819b4e90e8f9a59d1b82d9cf0a6218_000 6 6
17.0 19.0 
64 9c9308d4cdf5bc5dfe6efc2b1a9c9bc9a44fbff73c5367c97e3be37861bbb3ba9ac7ad3ddec74dc66e34fe8f0804e46186819b4e90e8f9a59d1b82d9cf0a6218_001 5 6
33.0 11.0 
65 9c9308d4cdf5bc5dfe6efc2b1a9c9bc9a44fbff73c5367c97e3be37861bbb3ba9ac7ad3ddec74dc66e34fe8f0804e46186819b4e90e8f9a59d1b82d9cf0a6218_002 5 6
33.0 11.0 
66 9c9308d4cdf5bc5dfe6efc2b1a9c9bc9a44fbff73c5367c97e3be37861bbb3ba9ac7ad3ddec74dc66e34fe8f0804e46186819b4e90e8f9a59d1b82d9cf0a6218_003 5 6
33.0 11.0 
67 9c9308d4cdf5bc5dfe6efc2b1a9c9bc9a44fbff73c5367c97e3be37861bbb3ba9ac7ad3ddec74dc66e34fe8f0804e46186819b4e90e8f9a59d1b82d9cf0a6218_004 5 6
33.0 11.0 
68 0cea42f9680f35f5a84c724c396d4d588b65c303453f9585562f2e2af8db74f5096a83a70b17c5126538222b111a0795a34e9fb6db95d62d771d01592abe3ff6_008 3 6
25.0 18.0 
69 9c9308d4cdf5bc5dfe6efc2b1a9c9bc9a44fbff73c5367c97e3be37861bbb3ba9ac7ad3ddec74dc66e34fe8f0804e46186819b4e90e8f9a59d1b82d9cf0a6218_006 5 6
33.0 11.0 
70 9c9308d4cdf5bc5dfe6efc2b1a9c9bc9a44fbff73c5367c97e3be37861bbb3ba9ac7ad3ddec74dc66e34fe8f0804e46186819b4e90e8f9a59d1b82d9cf0a6218_007 5 6
33.0 11.0 
71 9c9308d4cdf5bc5dfe6efc2b1a9c9bc9a44fbff73c5367c97e3be37861bbb3ba9ac7ad3ddec74dc66e34fe8f0804e46186819b4e90e8f9a59d1b82d9cf0a6218_008 5 6
33.0 11.0 
72 9c9308d4cdf5bc5dfe6efc2b1a9c9bc9a44fbff73c5367c97e3be37861bbb3ba9ac7ad3ddec74dc66e34fe8f0804e46186819b4e90e8f9a59d1b82d9cf0a6218_009 5 6
33.0 11.0 
73 9c9308d4cdf5bc5dfe6efc2b1a9c9bc9a44fbff73c5367c97e3be37861bbb3ba9ac7ad3ddec74dc66e34fe8f0804e46186819b4e90e8f9a59d1b82d9cf0a6218_012 5 6
33.0 11.0 
74 9c9308d4cdf5bc5dfe6efc2b1a9c9bc9a44fbff73c5367c97e3be37861bbb3ba9ac7ad3ddec74dc66e34fe8f0804e46186819b4e90e8f9a59d1b82d9cf0a6218_013 6 6
33.0 11.0 
75 aaceaf4ad658a90db957967d2852b7dfa81b42f4ab8dbdf2f7c9847a6072e1741a6b0cbd2ea52f5669f2da1cdf925ec565d257320cf93b97bc9bc99f000e1871_000 6 6
32.0 11.0 
76 aaceaf4ad658a90db957967d2852b7dfa81b42f4ab8dbdf2f7c9847a6072e1741a6b0cbd2ea52f5669f2da1cdf925ec565d257320cf93b97bc9bc99f000e1871_001 3 6
24.0 17.0 
77 aaceaf4ad658a90db957967d2852b7dfa81b42f4ab8dbdf2f7c9847a6072e1741a6b0cbd2ea52f5669f2da1cdf925ec565d257320cf93b97bc9bc99f000e1871_002 3 6
24.0 17.0 
78 aaceaf4ad658a90db957967d2852b7dfa81b42f4ab8dbdf2f7c9847a6072e1741a6b0cbd2ea52f5669f2da1cdf925ec565d257320cf93b97bc9bc99f000e1871_003 3 6
24.0 17.0 
79 15cb07a72bc49f3f4b4a1000410c388b4d03b9f36236365ba4b611ca0617243b6de4e2e0868abf9ccb667e5ff71ccd3ce631cd59fcf13ee22addabf66c1824fa_001 3 6
25.0 18.0 
80 aaceaf4ad658a90db957967d2852b7dfa81b42f4ab8dbdf2f7c9847a6072e1741a6b0cbd2ea52f5669f2da1cdf925ec565d257320cf93b97bc9bc99f000e1871_004 3 6
24.0 17.0 
81 aaceaf4ad658a90db957967d2852b7dfa81b42f4ab8dbdf2f7c9847a6072e1741a6b0cbd2ea52f5669f2da1cdf925ec565d257320cf93b97bc9bc99f000e1871_005 3 6
24.0 17.0 
82 aaceaf4ad658a90db957967d2852b7dfa81b42f4ab8dbdf2f7c9847a6072e1741a6b0cbd2ea52f5669f2da1cdf925ec565d257320cf93b97bc9bc99f000e1871_006 3 6
24.0 17.0 
83 af81ffd4bc47e4f84cbf87051d82d15af14833eaba6c57ae82fc503a67eb939f3e6552182124605c38a77a6774f41fac2cc95082320ba5e29d303277c098c4ae_000 3 6
24.0 17.0 
90 15cb07a72bc49f3f4b4a1000410c388b4d03b9f36236365ba4b611ca0617243b6de4e2e0868abf9ccb667e5ff71ccd3ce631cd59fcf13ee22addabf66c1824fa_002 5 6
16.0 30.0 
93 b6fd408d589fd1cce4003e2cf601a028e3c01042c8a274ddc384a1524cab2014154932e9cb48312af6af394ee6bee85603cab8dad3c9617a49b9d14dc482b578_001 5 6
12.0 30.0 
94 b6fd408d589fd1cce4003e2cf601a028e3c01042c8a274ddc384a1524cab2014154932e9cb48312af6af394ee6bee85603cab8dad3c9617a49b9d14dc482b578_002 6 6
14.0 30.0 
95 c716ee619761838749589cbd08d5fd56830bff349039f8587e988a5b0cd6310e04844d8e0ee98c5ffee3275aa227bd2c92fcde0993637fcf3bfbd41a37378833_000 6 6
16.0 32.0 
96 c716ee619761838749589cbd08d5fd56830bff349039f8587e988a5b0cd6310e04844d8e0ee98c5ffee3275aa227bd2c92fcde0993637fcf3bfbd41a37378833_001 3 6
22.0 24.0 
97 c716ee619761838749589cbd08d5fd56830bff349039f8587e988a5b0cd6310e04844d8e0ee98c5ffee3275aa227bd2c92fcde0993637fcf3bfbd41a37378833_002 3 6
22.0 24.0 
98 c716ee619761838749589cbd08d5fd56830bff349039f8587e988a5b0cd6310e04844d8e0ee98c5ffee3275aa227bd2c92fcde0993637fcf3bfbd41a37378833_007 3 6
22.0 24.0 
99 cd2d9b5b5cff96b07c5b22c0d139ffa2aa36b01823c9eb4db6eca19065a0ce2c4d2516bfcc2f1bc95daeae5b0bbd5e9c15b83feda776735e7bc3de6c49d25144_005 6 6
27.0 17.0 
100 cd2d9b5b5cff96b07c5b22c0d139ffa2aa36b01823c9eb4db6eca19065a0ce2c4d2516bfcc2f1bc95daeae5b0bbd5e9c15b83feda776735e7bc3de6c49d25144_006 5 6
22.0 29.0 
101 15cb07a72bc49f3f4b4a1000410c388b4d03b9f36236365ba4b611ca0617243b6de4e2e0868abf9ccb667e5ff71ccd3ce631cd59fcf13ee22addabf66c1824fa_003 5 6
16.0 30.0 
102 cd2d9b5b5cff96b07c5b22c0d139ffa2aa36b01823c9eb4db6eca19065a0ce2c4d2516bfcc2f1bc95daeae5b0bbd5e9c15b83feda776735e7bc3de6c49d25144_007 5 6
22.0 29.0 
103 cd2d9b5b5cff96b07c5b22c0d139ffa2aa36b01823c9eb4db6eca19065a0ce2c4d2516bfcc2f1bc95daeae5b0bbd5e9c15b83feda776735e7bc3de6c49d25144_008 5 6
22.0 29.0 
104 cd2d9b5b5cff96b07c5b22c0d139ffa2aa36b01823c9eb4db6eca19065a0ce2c4d2516bfcc2f1bc95daeae5b0bbd5e9c15b83feda776735e7bc3de6c49d25144_009 5 6
22.0 29.0 
105 cd2d9b5b5cff96b07c5b22c0d139ffa2aa36b01823c9eb4db6eca19065a0ce2c4d2516bfcc2f1bc95daeae5b0bbd5e9c15b83feda776735e7bc3de6c49d25144_010 5 6
22.0 29.0 
106 cd2d9b5b5cff96b07c5b22c0d139ffa2aa36b01823c9eb4db6eca19065a0ce2c4d2516bfcc2f1bc95daeae5b0bbd5e9c15b83feda776735e7bc3de6c49d25144_011 5 6
22.0 29.0 
107 cd2d9b5b5cff96b07c5b22c0d139ffa2aa36b01823c9eb4db6eca19065a0ce2c4d2516bfcc2f1bc95daeae5b0bbd5e9c15b83feda776735e7bc3de6c49d25144_012 5 6
22.0 29.0 
108 cd2d9b5b5cff96b07c5b22c0d139ffa2aa36b01823c9eb4db6eca19065a0ce2c4d2516bfcc2f1bc95daeae5b0bbd5e9c15b83feda776735e7bc3de6c49d25144_013 5 6
22.0 29.0 
109 cd2d9b5b5cff96b07c5b22c0d139ffa2aa36b01823c9eb4db6eca19065a0ce2c4d2516bfcc2f1bc95daeae5b0bbd5e9c15b83feda776735e7bc3de6c49d25144_014 5 6
22.0 29.0 
110 cd2d9b5b5cff96b07c5b22c0d139ffa2aa36b01823c9eb4db6eca19065a0ce2c4d2516bfcc2f1bc95daeae5b0bbd5e9c15b83feda776735e7bc3de6c49d25144_015 5 6
22.0 29.0 
111 cd2d9b5b5cff96b07c5b22c0d139ffa2aa36b01823c9eb4db6eca19065a0ce2c4d2516bfcc2f1bc95daeae5b0bbd5e9c15b83feda776735e7bc3de6c49d25144_016 5 6
22.0 29.0 
112 070455301c2e18c7c89b850c2e86c311ac5fd223c84e723591012e163d60f11f5fd030343a444049a44940f8607d36c463f30556bf1efa98916d7417c2b4393c_010 4 6
22.0 22.0 
113 15cb07a72bc49f3f4b4a1000410c388b4d03b9f36236365ba4b611ca0617243b6de4e2e0868abf9ccb667e5ff71ccd3ce631cd59fcf13ee22addabf66c1824fa_004 5 6
16.0 30.0 
114 cd2d9b5b5cff96b07c5b22c0d139ffa2aa36b01823c9eb4db6eca19065a0ce2c4d2516bfcc2f1bc95daeae5b0bbd5e9c15b83feda776735e7bc3de6c49d25144_017 5 6
22.0 29.0 
115 cd2d9b5b5cff96b07c5b22c0d139ffa2aa36b01823c9eb4db6eca19065a0ce2c4d2516bfcc2f1bc95daeae5b0bbd5e9c15b83feda776735e7bc3de6c49d25144_018 5 6
22.0 29.0 
116 cd2d9b5b5cff96b07c5b22c0d139ffa2aa36b01823c9eb4db6eca19065a0ce2c4d2516bfcc2f1bc95daeae5b0bbd5e9c15b83feda776735e7bc3de6c49d25144_019 5 6
22.0 29.0 
117 cd2d9b5b5cff96b07c5b22c0d139ffa2aa36b01823c9eb4db6eca19065a0ce2c4d2516bfcc2f1bc95daeae5b0bbd5e9c15b83feda776735e7bc3de6c49d25144_020 5 6
22.0 29.0 
118 cd2d9b5b5cff96b07c5b22c0d139ffa2aa36b01823c9eb4db6eca19065a0ce2c4d2516bfcc2f1bc95daeae5b0bbd5e9c15b83feda776735e7bc3de6c49d25144_021 5 6
22.0 29.0 
119 d009aa71ece41454c68d8038b5462d8eea8feb291bce1d53ee149f8477b5eab62ee28c7f690bf14dc6ce1d70c8943f7f3b3e4300965cb24da4cd2d2807dab19a_000 5 6
22.0 29.0 
120 d009aa71ece41454c68d8038b5462d8eea8feb291bce1d53ee149f8477b5eab62ee28c7f690bf14dc6ce1d70c8943f7f3b3e4300965cb24da4cd2d2807dab19a_001 3 6
25.0 17.0 
121 d009aa71ece41454c68d8038b5462d8eea8feb291bce1d53ee149f8477b5eab62ee28c7f690bf14dc6ce1d70c8943f7f3b3e4300965cb24da4cd2d2807dab19a_002 3 6
25.0 17.0 
122 d009aa71ece41454c68d8038b5462d8eea8feb291bce1d53ee149f8477b5eab62ee28c7f690bf14dc6ce1d70c8943f7f3b3e4300965cb24da4cd2d2807dab19a_006 3 6
25.0 17.0 
123 d120480a6e4bd3c4aa2ca882cf7c0aaa499d56c9c236aba6bea7aa935843da56c1ce494b71da9e2c2fd6016b05c84164bbd70867801caf480497fa51a3b78cb1_000 6 6
20.0 17.0 
124 1b31fa5c50f7725ce468ebf24282f2d080a83aed87e4ee35522ae7710c8e0136bc263cc460b8ec7bf2c3519cb59af4a138e114d36541515b2609ab56ad2b8ee9_000 5 6
16.0 30.0 
125 d120480a6e4bd3c4aa2ca882cf7c0aaa499d56c9c236aba6bea7aa935843da56c1ce494b71da9e2c2fd6016b05c84164bbd70867801caf480497fa51a3b78cb1_001 4 6
14.0 32.0 
126 d25c714b0bf59a479cfefe89ae1a98cf00937dccbe68f02fb160f1f561c967d01a00b4b0ef23c9eb1bd2a5667b48ed78e484802b21672ab946b354ff7a6027c7_002 6 6
13.0 44.0 
127 d25c714b0bf59a479cfefe89ae1a98cf00937dccbe68f02fb160f1f561c967d01a00b4b0ef23c9eb1bd2a5667b48ed78e484802b21672ab946b354ff7a6027c7_007 5 6
25.0 25.0 
128 d2b889e1ac42bc85f9df5c45c10708f46784be93d69acd1415cfd4d028cb50b19f50c374a9498c8e8b909173053a100e20c279ddb06c6359a06a920ead3e8080_000 6 6
2.0 44.0 
129 d2b889e1ac42bc85f9df5c45c10708f46784be93d69acd1415cfd4d028cb50b19f50c374a9498c8e8b909173053a100e20c279ddb06c6359a06a920ead3e8080_001 3 6
16.0 22.0 
130 d43d32076778e9cb3a2aa237e806bc00b0eaffde5b75563c9321019a817607f8303e6b982bf49358787264ac38e22026f27bde7e67a87ba43b973c29442f9e93_000 6 6
21.0 22.0 
131 d4aae191327d63b5ebc388f4bdbdaaf670e3332ea6afc5be3f04cca42334a4b6fe038630379bb774135a21197172563cf1b684c6ae927cce50b06340048b132a_000 5 6
22.0 29.0 
132 d4aae191327d63b5ebc388f4bdbdaaf670e3332ea6afc5be3f04cca42334a4b6fe038630379bb774135a21197172563cf1b684c6ae927cce50b06340048b132a_002 3 6
17.0 23.0 
133 d6364e6e98a5c96387950d5b3e6206ba9d57628ab2ad0f2cd05ea7af3b818ed03e514157fe4c64e264a0ac9df0840028e0c5a8fd3d096f5ab93bffba61f23812_005 6 6
24.0 23.0 
135 1b31fa5c50f7725ce468ebf24282f2d080a83aed87e4ee35522ae7710c8e0136bc263cc460b8ec7bf2c3519cb59af4a138e114d36541515b2609ab56ad2b8ee9_001 3 6
24.0 17.0 
138 e9c6206d3a4862876b0dead881ac55078f11e291f60215ab028651f06fcbee2a591a31a7727037774542df4fe051a89460d85f6067a0b9729ae86e4afe1e6e92_001 3 6
22.0 24.0 
139 e9c6206d3a4862876b0dead881ac55078f11e291f60215ab028651f06fcbee2a591a31a7727037774542df4fe051a89460d85f6067a0b9729ae86e4afe1e6e92_003 3 6
22.0 24.0 
140 fcf701e8bed9c75a4cc52a990a577eb0204d7aadf138a4cad08726a847d66e77126f95f06f839ec9224b7e8a887b873fe0d4b6f4311b4e8bd2a36e5028d1feca_000 6 6
21.0 22.0 
141 fcf701e8bed9c75a4cc52a990a577eb0204d7aadf138a4cad08726a847d66e77126f95f06f839ec9224b7e8a887b873fe0d4b6f4311b4e8bd2a36e5028d1feca_001 3 6
22.0 26.0 
142 fcf701e8bed9c75a4cc52a990a577eb0204d7aadf138a4cad08726a847d66e77126f95f06f839ec9224b7e8a887b873fe0d4b6f4311b4e8bd2a36e5028d1feca_002 3 6
22.0 26.0 
143 fcf701e8bed9c75a4cc52a990a577eb0204d7aadf138a4cad08726a847d66e77126f95f06f839ec9224b7e8a887b873fe0d4b6f4311b4e8bd2a36e5028d1feca_003 3 6
22.0 26.0 
144 fe9d5fb933c758c2cbbd859e3ecbd2d2eaecc2843b57cfd97da99af24de59f189a144d13ce81ec585d7c2f7367f70c0fb2aec8269eed1fd8380def614817ef7c_000 6 6
23.0 22.0 
145 fe9d5fb933c758c2cbbd859e3ecbd2d2eaecc2843b57cfd97da99af24de59f189a144d13ce81ec585d7c2f7367f70c0fb2aec8269eed1fd8380def614817ef7c_001 4 6
5.0 30.0 
146 1b31fa5c50f7725ce468ebf24282f2d080a83aed87e4ee35522ae7710c8e0136bc263cc460b8ec7bf2c3519cb59af4a138e114d36541515b2609ab56ad2b8ee9_002 3 6
24.0 17.0 
147 fe9d5fb933c758c2cbbd859e3ecbd2d2eaecc2843b57cfd97da99af24de59f189a144d13ce81ec585d7c2f7367f70c0fb2aec8269eed1fd8380def614817ef7c_002 4 6
5.0 30.0 
148 fe9d5fb933c758c2cbbd859e3ecbd2d2eaecc2843b57cfd97da99af24de59f189a144d13ce81ec585d7c2f7367f70c0fb2aec8269eed1fd8380def614817ef7c_008 4 6
16.0 30.0 
149 fe9d5fb933c758c2cbbd859e3ecbd2d2eaecc2843b57cfd97da99af24de59f189a144d13ce81ec585d7c2f7367f70c0fb2aec8269eed1fd8380def614817ef7c_008 6 6
12.0 30.0 
150 1b31fa5c50f7725ce468ebf24282f2d080a83aed87e4ee35522ae7710c8e0136bc263cc460b8ec7bf2c3519cb59af4a138e114d36541515b2609ab56ad2b8ee9_003 3 6
24.0 17.0 
151 1bf73a9ca02e8d64fd54aaf8de9ad5d029ebfff775224c3f5b010db80793ea8698863524436d122a100abc08c3486a795eb1caf39f78fc55d3948124861669ac_000 6 6
22.0 29.0 
152 1bf73a9ca02e8d64fd54aaf8de9ad5d029ebfff775224c3f5b010db80793ea8698863524436d122a100abc08c3486a795eb1caf39f78fc55d3948124861669ac_001 5 6
21.0 29.0 
153 1bf73a9ca02e8d64fd54aaf8de9ad5d029ebfff775224c3f5b010db80793ea8698863524436d122a100abc08c3486a795eb1caf39f78fc55d3948124861669ac_002 5 6
21.0 29.0 
154 1bf73a9ca02e8d64fd54aaf8de9ad5d029ebfff775224c3f5b010db80793ea8698863524436d122a100abc08c3486a795eb1caf39f78fc55d3948124861669ac_003 5 6
21.0 29.0 
155 1bf73a9ca02e8d64fd54aaf8de9ad5d029ebfff775224c3f5b010db80793ea8698863524436d122a100abc08c3486a795eb1caf39f78fc55d3948124861669ac_004 5 6
21.0 29.0 
157 1bf73a9ca02e8d64fd54aaf8de9ad5d029ebfff775224c3f5b010db80793ea8698863524436d122a100abc08c3486a795eb1caf39f78fc55d3948124861669ac_005 5 6
21.0 29.0 
158 1bf73a9ca02e8d64fd54aaf8de9ad5d029ebfff775224c3f5b010db80793ea8698863524436d122a100abc08c3486a795eb1caf39f78fc55d3948124861669ac_006 5 6
21.0 29.0 
159 1c2bb3a40a82cba97b2937bc6825903a28ecfe91f993fc177a0f2ae003bcc7b1073eb49e35d3f0f69d6b612e8347e9c1b93306bf25a7e5390098c1a06845baac_000 5 6
21.0 29.0 
160 1c2bb3a40a82cba97b2937bc6825903a28ecfe91f993fc177a0f2ae003bcc7b1073eb49e35d3f0f69d6b612e8347e9c1b93306bf25a7e5390098c1a06845baac_001 3 6
20.0 8.0 
161 1c2bb3a40a82cba97b2937bc6825903a28ecfe91f993fc177a0f2ae003bcc7b1073eb49e35d3f0f69d6b612e8347e9c1b93306bf25a7e5390098c1a06845baac_002 3 6
20.0 8.0 
162 1c2bb3a40a82cba97b2937bc6825903a28ecfe91f993fc177a0f2ae003bcc7b1073eb49e35d3f0f69d6b612e8347e9c1b93306bf25a7e5390098c1a06845baac_016 3 6
20.0 8.0 
163 2c1556672751734adf9a561fbf88767c32224fca14a81e9d9c719f18d0b21765038acc16ecd8377f74d4f43e8c844538161d869605e3516cf797d0a6a59f1f8e_000 2 6
18.0 18.0 
164 30074a0e036669b5681720e6481cc101877d52ee589bab434417ece22b4133ed584c6a84f80047c10ab47aa73a7807720b5375983e8b489e8e69978e5e0e8b71_000 4 6
32.0 24.0 
165 30074a0e036669b5681720e6481cc101877d52ee589bab434417ece22b4133ed584c6a84f80047c10ab47aa73a7807720b5375983e8b489e8e69978e5e0e8b71_001 3 6
21.0 29.0 
166 30074a0e036669b5681720e6481cc101877d52ee589bab434417ece22b4133ed584c6a84f80047c10ab47aa73a7807720b5375983e8b489e8e69978e5e0e8b71_002 3 6
21.0 29.0 
167 0cdfa335eea3c612e6fa3ad261276b0c3ebbc6ff0ff13c20bdc249bad29a8037ca6dc887dd28558964e1e1a24f47c4cffc05adba525285dc8b93660cdf9b8b7c_003 6 6
38.0 24.0 
168 30074a0e036669b5681720e6481cc101877d52ee589bab434417ece22b4133ed584c6a84f80047c10ab47aa73a7807720b5375983e8b489e8e69978e5e0e8b71_015 3 6
21.0 29.0 
169 317aa7055d3b7337ab43b73863692d1288ca246c473f9fd176bc737a7c3e1e08c37a15603cfb7bfc86f7bc2dcc239967b79b605aec11f86ae3ab90dc140b540f_000 6 6
21.0 29.0 
170 317aa7055d3b7337ab43b73863692d1288ca246c473f9fd176bc737a7c3e1e08c37a15603cfb7bfc86f7bc2dcc239967b79b605aec11f86ae3ab90dc140b540f_001 6 6
21.0 17.0 
171 317aa7055d3b7337ab43b73863692d1288ca246c473f9fd176bc737a7c3e1e08c37a15603cfb7bfc86f7bc2dcc239967b79b605aec11f86ae3ab90dc140b540f_002 6 6
21.0 17.0 
172 317aa7055d3b7337ab43b73863692d1288ca246c473f9fd176bc737a7c3e1e08c37a15603cfb7bfc86f7bc2dcc239967b79b605aec11f86ae3ab90dc140b540f_003 6 6
16.0 37.0 
173 317aa7055d3b7337ab43b73863692d1288ca246c473f9fd176bc737a7c3e1e08c37a15603cfb7bfc86f7bc2dcc239967b79b605aec11f86ae3ab90dc140b540f_007 3 6
22.0 24.0 
174 36d8008b13f6475ca8fa4553fea10042b0a6c623665065672051445c3464d61b29b47cb66321844a0264505a0f5ccf5aa6de072aa266b5a8b0cf13198380a389_000 6 6
21.0 22.0 
175 36d8008b13f6475ca8fa4553fea10042b0a6c623665065672051445c3464d61b29b47cb66321844a0264505a0f5ccf5aa6de072aa266b5a8b0cf13198380a389_001 5 6
22.0 29.0 
176 3b2376ab97bb5d1a5dbbf2b45cf062db320757549c761936d19df05e856de894e45695014cd8063cdc22148b13fa1803b3c9e77356931d66f4fbec0efacf7829_000 5 6
22.0 29.0 
177 3b2376ab97bb5d1a5dbbf2b45cf062db320757549c761936d19df05e856de894e45695014cd8063cdc22148b13fa1803b3c9e77356931d66f4fbec0efacf7829_001 4 6
4.0 22.0 
178 0cdfa335eea3c612e6fa3ad261276b0c3ebbc6ff0ff13c20bdc249bad29a8037ca6dc887dd28558964e1e1a24f47c4cffc05adba525285dc8b93660cdf9b8b7c_004 6 6
38.0 24.0 
179 3b2376ab97bb5d1a5dbbf2b45cf062db320757549c761936d19df05e856de894e45695014cd8063cdc22148b13fa1803b3c9e77356931d66f4fbec0efacf7829_002 4 6
4.0 22.0 
180 3b2376ab97bb5d1a5dbbf2b45cf062db320757549c761936d19df05e856de894e45695014cd8063cdc22148b13fa1803b3c9e77356931d66f4fbec0efacf7829_003 4 6
4.0 22.0 
181 3b2376ab97bb5d1a5dbbf2b45cf062db320757549c761936d19df05e856de894e45695014cd8063cdc22148b13fa1803b3c9e77356931d66f4fbec0efacf7829_004 4 6
4.0 22.0 
182 3b2376ab97bb5d1a5dbbf2b45cf062db320757549c761936d19df05e856de894e45695014cd8063cdc22148b13fa1803b3c9e77356931d66f4fbec0efacf7829_005 4 6
4.0 22.0 
183 3b2376ab97bb5d1a5dbbf2b45cf062db320757549c761936d19df05e856de894e45695014cd8063cdc22148b13fa1803b3c9e77356931d66f4fbec0efacf7829_006 4 6
4.0 22.0 
184 3b2376ab97bb5d1a5dbbf2b45cf062db320757549c761936d19df05e856de894e45695014cd8063cdc22148b13fa1803b3c9e77356931d66f4fbec0efacf7829_016 6 6
3.0 30.0 
185 3cf6d33ab0357953aa5826c67dc74c4aa483f16ef04c973a68d58cda6f19ea712954b24f366f880b9c18b628c6605eabc4d3e80dc4aa120fac80fe680e2e708f_000 6 6
3.0 30.0 
186 3cf6d33ab0357953aa5826c67dc74c4aa483f16ef04c973a68d58cda6f19ea712954b24f366f880b9c18b628c6605eabc4d3e80dc4aa120fac80fe680e2e708f_001 3 6
25.0 17.0 
187 3cf6d33ab0357953aa5826c67dc74c4aa483f16ef04c973a68d58cda6f19ea712954b24f366f880b9c18b628c6605eabc4d3e80dc4aa120fac80fe680e2e708f_002 3 6
25.0 17.0 
188 3cf6d33ab0357953aa5826c67dc74c4aa483f16ef04c973a68d58cda6f19ea712954b24f366f880b9c18b628c6605eabc4d3e80dc4aa120fac80fe680e2e708f_003 3 6
25.0 17.0 
189 0cdfa335eea3c612e6fa3ad261276b0c3ebbc6ff0ff13c20bdc249bad29a8037ca6dc887dd28558964e1e1a24f47c4cffc05adba525285dc8b93660cdf9b8b7c_010 6 6
38.0 24.0 
190 3cf6d33ab0357953aa5826c67dc74c4aa483f16ef04c973a68d58cda6f19ea712954b24f366f880b9c18b628c6605eabc4d3e80dc4aa120fac80fe680e2e708f_004 3 6
25.0 17.0 
191 3cf6d33ab0357953aa5826c67dc74c4aa483f16ef04c973a68d58cda6f19ea712954b24f366f880b9c18b628c6605eabc4d3e80dc4aa120fac80fe680e2e708f_005 3 6
25.0 17.0 
192 3cf6d33ab0357953aa5826c67dc74c4aa483f16ef04c973a68d58cda6f19ea712954b24f366f880b9c18b628c6605eabc4d3e80dc4aa120fac80fe680e2e708f_006 3 6
25.0 17.0 
193 3cf6d33ab0357953aa5826c67dc74c4aa483f16ef04c973a68d58cda6f19ea712954b24f366f880b9c18b628c6605eabc4d3e80dc4aa120fac80fe680e2e708f_007 3 6
25.0 17.0 
194 3cf6d33ab0357953aa5826c67dc74c4aa483f16ef04c973a68d58cda6f19ea712954b24f366f880b9c18b628c6605eabc4d3e80dc4aa120fac80fe680e2e708f_013 3 6
25.0 17.0 
195 489253253c866aa61b6b0d95c6072d3912f6b78dfbc01bdb2fbb663aefe33d6d353b1a61bb5fc567c9d6c334994111816edd3d43db47e4ea4a84953198736ff7_007 6 6
22.0 29.0 
196 48b82975576f07f162163145b334648a73321d003a0a8cd4577172e48ce4836e63953dffd4460a9a7aadc511a695ff93de0ce2baf953e4b78b747440caa736a6_000 4 6
16.0 30.0 
197 48b82975576f07f162163145b334648a73321d003a0a8cd4577172e48ce4836e63953dffd4460a9a7aadc511a695ff93de0ce2baf953e4b78b747440caa736a6_001 6 6
21.0 22.0 
198 593b954f9fee4dac5575c1fea4a0ff066cc0b79f3c2732f0dd9e60cacededa2145a70a481a3bfbc3d322abaf547ac4db3666b8461f7fc2e88f6d01f81b7c5f82_000 6 6
21.0 22.0 
199 593b954f9fee4dac5575c1fea4a0ff066cc0b79f3c2732f0dd9e60cacededa2145a70a481a3bfbc3d322abaf547ac4db3666b8461f7fc2e88f6d01f81b7c5f82_001 3 6
25.0 18.0 
200 0cdfa335eea3c612e6fa3ad261276b0c3ebbc6ff0ff13c20bdc249bad29a8037ca6dc887dd28558964e1e1a24f47c4cffc05adba525285dc8b93660cdf9b8b7c_013 6 6
21.0 17.0 
201 593b954f9fee4dac5575c1fea4a0ff066cc0b79f3c2732f0dd9e60cacededa2145a70a481a3bfbc3d322abaf547ac4db3666b8461f7fc2e88f6d01f81b7c5f82_002 3 6
25.0 18.0 
202 593b954f9fee4dac5575c1fea4a0ff066cc0b79f3c2732f0dd9e60cacededa2145a70a481a3bfbc3d322abaf547ac4db3666b8461f7fc2e88f6d01f81b7c5f82_003 3 6
25.0 18.0 
203 593b954f9fee4dac5575c1fea4a0ff066cc0b79f3c2732f0dd9e60cacededa2145a70a481a3bfbc3d322abaf547ac4db3666b8461f7fc2e88f6d01f81b7c5f82_004 3 6
25.0 18.0 
204 593b954f9fee4dac5575c1fea4a0ff066cc0b79f3c2732f0dd9e60cacededa2145a70a481a3bfbc3d322abaf547ac4db3666b8461f7fc2e88f6d01f81b7c5f82_005 3 6
25.0 18.0 
205 593b954f9fee4dac5575c1fea4a0ff066cc0b79f3c2732f0dd9e60cacededa2145a70a481a3bfbc3d322abaf547ac4db3666b8461f7fc2e88f6d01f81b7c5f82_006 3 6
25.0 18.0 
206 593b954f9fee4dac5575c1fea4a0ff066cc0b79f3c2732f0dd9e60cacededa2145a70a481a3bfbc3d322abaf547ac4db3666b8461f7fc2e88f6d01f81b7c5f82_007 3 6
25.0 18.0 
207 68eb0bb00bcd06020ba4e5c5afbce504f5e7af9618c274197da7d50f668649a59f3eb961a718f5f67cc8731f9f5e2df46e511d083b2b5e785e9377c8f94e6ea5_000 3 6
25.0 18.0 
208 68eb0bb00bcd06020ba4e5c5afbce504f5e7af9618c274197da7d50f668649a59f3eb961a718f5f67cc8731f9f5e2df46e511d083b2b5e785e9377c8f94e6ea5_011 6 6
21.0 22.0 
209 6aaeaf2ffb623b5736c0c0b9e8a1a3b080e8aef14d963d899eb3e4073245ad1171e26fb2a64fb88db6e40aa59e894a55eac832e38d444755cb3b6ad10ba74c62_000 6 6
21.0 22.0 
210 6aaeaf2ffb623b5736c0c0b9e8a1a3b080e8aef14d963d899eb3e4073245ad1171e26fb2a64fb88db6e40aa59e894a55eac832e38d444755cb3b6ad10ba74c62_001 5 6
24.0 25.0 
211 0cea42f9680f35f5a84c724c396d4d588b65c303453f9585562f2e2af8db74f5096a83a70b17c5126538222b111a0795a34e9fb6db95d62d771d01592abe3ff6_000 6 6
21.0 17.0 
212 6e464f2b5ba1d5ad3d4fc366e7d7712b424aabd8b41ca36257115a16416d202feb27397a413d04944c9ac76976fa8ff8ae646144855e08791ebf9593d1caaaca_000 5 6
24.0 25.0 
213 6e464f2b5ba1d5ad3d4fc366e7d7712b424aabd8b41ca36257115a16416d202feb27397a413d04944c9ac76976fa8ff8ae646144855e08791ebf9593d1caaaca_001 5 6
24.0 25.0 
214 6e464f2b5ba1d5ad3d4fc366e7d7712b424aabd8b41ca36257115a16416d202feb27397a413d04944c9ac76976fa8ff8ae646144855e08791ebf9593d1caaaca_002 5 6
24.0 25.0 
215 6e464f2b5ba1d5ad3d4fc366e7d7712b424aabd8b41ca36257115a16416d202feb27397a413d04944c9ac76976fa8ff8ae646144855e08791ebf9593d1caaaca_003 5 6
24.0 25.0 
216 6e464f2b5ba1d5ad3d4fc366e7d7712b424aabd8b41ca36257115a16416d202feb27397a413d04944c9ac76976fa8ff8ae646144855e08791ebf9593d1caaaca_004 5 6
24.0 25.0 
217 89b1a701f92f7e190fd4caf2ad32365f2c9261790b9a33967efd0bfb4d047c721db673225a01819900d542401a0b95d29db7ff0d8548087faabd4230f896474f_002 5 6
24.0 25.0 
218 89b1a701f92f7e190fd4caf2ad32365f2c9261790b9a33967efd0bfb4d047c721db673225a01819900d542401a0b95d29db7ff0d8548087faabd4230f896474f_003 5 6
22.0 29.0 
219 89b1a701f92f7e190fd4caf2ad32365f2c9261790b9a33967efd0bfb4d047c721db673225a01819900d542401a0b95d29db7ff0d8548087faabd4230f896474f_005 5 6
22.0 29.0 
220 89b1a701f92f7e190fd4caf2ad32365f2c9261790b9a33967efd0bfb4d047c721db673225a01819900d542401a0b95d29db7ff0d8548087faabd4230f896474f_006 5 6
22.0 29.0 
221 89b1a701f92f7e190fd4caf2ad32365f2c9261790b9a33967efd0bfb4d047c721db673225a01819900d542401a0b95d29db7ff0d8548087faabd4230f896474f_007 5 6
22.0 29.0 
222 0cea42f9680f35f5a84c724c396d4d588b65c303453f9585562f2e2af8db74f5096a83a70b17c5126538222b111a0795a34e9fb6db95d62d771d01592abe3ff6_001 3 6
25.0 18.0 
223 89b1a701f92f7e190fd4caf2ad32365f2c9261790b9a33967efd0bfb4d047c721db673225a01819900d542401a0b95d29db7ff0d8548087faabd4230f896474f_008 5 6
22.0 29.0 
224 89b1a701f92f7e190fd4caf2ad32365f2c9261790b9a33967efd0bfb4d047c721db673225a01819900d542401a0b95d29db7ff0d8548087faabd4230f896474f_009 5 6
22.0 29.0 
225 89b1a701f92f7e190fd4caf2ad32365f2c9261790b9a33967efd0bfb4d047c721db673225a01819900d542401a0b95d29db7ff0d8548087faabd4230f896474f_010 5 6
22.0 29.0 
226 89b1a701f92f7e190fd4caf2ad32365f2c9261790b9a33967efd0bfb4d047c721db673225a01819900d542401a0b95d29db7ff0d8548087faabd4230f896474f_011 6 6
20.0 18.0 
227 8c7dfbb2b3654d4ab39c56f7a0093e1013b35b5c8444f9715d08561bd4abeec2f95cdf5118b993aada0ca3c50b4f8692c4b8ddeeb2d8b2ad1cd7b4a046941b16_000 6 6
20.0 17.0 
228 8c7dfbb2b3654d4ab39c56f7a0093e1013b35b5c8444f9715d08561bd4abeec2f95cdf5118b993aada0ca3c50b4f8692c4b8ddeeb2d8b2ad1cd7b4a046941b16_001 3 6
64.0 21.0 
229 8c7dfbb2b3654d4ab39c56f7a0093e1013b35b5c8444f9715d08561bd4abeec2f95cdf5118b993aada0ca3c50b4f8692c4b8ddeeb2d8b2ad1cd7b4a046941b16_002 3 6
64.0 21.0 
230 8c7dfbb2b3654d4ab39c56f7a0093e1013b35b5c8444f9715d08561bd4abeec2f95cdf5118b993aada0ca3c50b4f8692c4b8ddeeb2d8b2ad1cd7b4a046941b16_003 3 6
64.0 21.0 
231 8c7dfbb2b3654d4ab39c56f7a0093e1013b35b5c8444f9715d08561bd4abeec2f95cdf5118b993aada0ca3c50b4f8692c4b8ddeeb2d8b2ad1cd7b4a046941b16_004 3 6
64.0 21.0 
232 8c7dfbb2b3654d4ab39c56f7a0093e1013b35b5c8444f9715d08561bd4abeec2f95cdf5118b993aada0ca3c50b4f8692c4b8ddeeb2d8b2ad1cd7b4a046941b16_005 3 6
64.0 21.0 
