0 gradeJava0 instructorSolution_000 9 9
0.0 0.0 0.0 0.0 0.0 
31.0 31.0 39.666666666666664 44.0 53.8 
30.0 30.0 38.666666666666664 43.0 52.8 
1 gradeJava1 070455301c2e18c7c89b850c2e86c311ac5fd223c84e723591012e163d60f11f5fd030343a444049a44940f8607d36c463f30556bf1efa98916d7417c2b4393c_001 8 9
0.0 0.0 0.0 0.0 0.0 
31.0 31.0 39.666666666666664 44.0 53.8 
30.0 30.0 38.666666666666664 43.0 52.8 
2 gradeJava10 0cea42f9680f35f5a84c724c396d4d588b65c303453f9585562f2e2af8db74f5096a83a70b17c5126538222b111a0795a34e9fb6db95d62d771d01592abe3ff6_004 9 9
0.0 0.0 0.0 0.0 0.0 
31.0 31.0 39.666666666666664 44.0 53.8 
30.0 30.0 38.666666666666664 43.0 52.8 
3 gradeJava100 75c98d3d90ca9a022bbf45421aa04a07f37da8a126811259bc4873e9458baab0a4863fa6664e5735c60172b34a16ed5acef892635f4f16e6d5737fb3685d0356_009 9 9
5.0 5.0 5.0 5.0 4.8 
24.0 27.5 29.0 31.25 33.6 
29.0 29.5 37.333333333333336 41.5 51.0 
4 gradeJava101 769cd811312cbbb82c87033a78ac9584ad282550bcb9cc3ae8c4e3da44c288c1a5b3954e01998c3c0654ee6774ceab66e9fe5b135750905c917d2b0bb5fab98b_000 9 9
0.0 0.0 0.0 0.0 0.0 
31.0 31.0 39.666666666666664 44.0 53.8 
30.0 30.0 38.666666666666664 43.0 52.8 
5 gradeJava102 769cd811312cbbb82c87033a78ac9584ad282550bcb9cc3ae8c4e3da44c288c1a5b3954e01998c3c0654ee6774ceab66e9fe5b135750905c917d2b0bb5fab98b_013 9 9
0.0 0.0 0.0 0.0 0.0 
31.0 31.0 39.666666666666664 44.0 53.8 
30.0 30.0 38.666666666666664 43.0 52.8 
6 gradeJava103 833bd42c11f7407d63f604b8ba3b7927e22e04e91884c959f01083cda7d5019610705b94a89c09cd1caa3fd1d58eee24b48b85b523db0fa3fc302e7af2dff93d_000 9 9
5.0 5.0 5.0 4.75 4.6 
23.0 26.5 27.666666666666668 28.25 28.6 
29.0 29.5 37.333333333333336 41.25 50.6 
7 gradeJava104 833bd42c11f7407d63f604b8ba3b7927e22e04e91884c959f01083cda7d5019610705b94a89c09cd1caa3fd1d58eee24b48b85b523db0fa3fc302e7af2dff93d_001 9 9
5.0 5.0 5.0 4.75 4.6 
23.0 26.5 27.666666666666668 28.25 28.6 
29.0 29.5 37.333333333333336 41.25 50.6 
8 gradeJava105 833bd42c11f7407d63f604b8ba3b7927e22e04e91884c959f01083cda7d5019610705b94a89c09cd1caa3fd1d58eee24b48b85b523db0fa3fc302e7af2dff93d_002 9 9
5.0 5.0 5.0 4.75 4.6 
23.0 26.5 27.666666666666668 28.25 28.6 
29.0 29.5 37.333333333333336 41.25 50.6 
9 gradeJava106 833bd42c11f7407d63f604b8ba3b7927e22e04e91884c959f01083cda7d5019610705b94a89c09cd1caa3fd1d58eee24b48b85b523db0fa3fc302e7af2dff93d_003 9 9
5.0 5.0 5.0 4.75 4.6 
23.0 26.5 27.666666666666668 28.25 28.6 
29.0 29.5 37.333333333333336 41.25 50.6 
10 gradeJava107 833bd42c11f7407d63f604b8ba3b7927e22e04e91884c959f01083cda7d5019610705b94a89c09cd1caa3fd1d58eee24b48b85b523db0fa3fc302e7af2dff93d_005 9 9
5.0 5.0 5.0 4.75 4.6 
23.0 26.5 27.666666666666668 28.25 28.6 
29.0 29.5 37.333333333333336 41.25 50.6 
11 gradeJava108 89b1a701f92f7e190fd4caf2ad32365f2c9261790b9a33967efd0bfb4d047c721db673225a01819900d542401a0b95d29db7ff0d8548087faabd4230f896474f_000 9 9
5.0 5.0 5.0 4.75 4.6 
23.0 26.5 27.666666666666668 28.25 28.6 
29.0 29.5 37.333333333333336 41.25 50.6 
12 gradeJava109 89b1a701f92f7e190fd4caf2ad32365f2c9261790b9a33967efd0bfb4d047c721db673225a01819900d542401a0b95d29db7ff0d8548087faabd4230f896474f_001 9 9
5.0 5.0 5.0 4.75 4.6 
23.0 26.5 27.666666666666668 28.25 28.6 
29.0 29.5 37.333333333333336 41.25 50.6 
13 gradeJava11 0cea42f9680f35f5a84c724c396d4d588b65c303453f9585562f2e2af8db74f5096a83a70b17c5126538222b111a0795a34e9fb6db95d62d771d01592abe3ff6_008 9 9
0.0 0.0 0.0 0.0 0.0 
31.0 31.0 39.666666666666664 44.0 53.8 
30.0 30.0 38.666666666666664 43.0 52.8 
14 gradeJava110 89b1a701f92f7e190fd4caf2ad32365f2c9261790b9a33967efd0bfb4d047c721db673225a01819900d542401a0b95d29db7ff0d8548087faabd4230f896474f_002 9 9
5.0 5.0 5.0 4.75 4.6 
23.0 26.5 27.666666666666668 28.25 28.6 
29.0 29.5 37.333333333333336 41.25 50.6 
15 gradeJava111 89b1a701f92f7e190fd4caf2ad32365f2c9261790b9a33967efd0bfb4d047c721db673225a01819900d542401a0b95d29db7ff0d8548087faabd4230f896474f_003 9 9
5.0 5.0 5.0 4.75 4.6 
23.0 26.5 27.666666666666668 28.25 28.6 
29.0 29.5 37.333333333333336 41.25 50.6 
16 gradeJava112 89b1a701f92f7e190fd4caf2ad32365f2c9261790b9a33967efd0bfb4d047c721db673225a01819900d542401a0b95d29db7ff0d8548087faabd4230f896474f_004 9 9
5.0 5.0 5.0 4.75 4.6 
23.0 26.5 27.666666666666668 28.25 28.6 
29.0 29.5 37.333333333333336 41.25 50.6 
17 gradeJava113 89b1a701f92f7e190fd4caf2ad32365f2c9261790b9a33967efd0bfb4d047c721db673225a01819900d542401a0b95d29db7ff0d8548087faabd4230f896474f_005 9 9
5.0 5.0 5.0 4.75 4.6 
23.0 26.5 27.666666666666668 28.25 28.6 
29.0 29.5 37.333333333333336 41.25 50.6 
18 gradeJava114 89b1a701f92f7e190fd4caf2ad32365f2c9261790b9a33967efd0bfb4d047c721db673225a01819900d542401a0b95d29db7ff0d8548087faabd4230f896474f_011 9 9
5.0 5.0 5.0 4.75 4.6 
23.0 26.5 27.666666666666668 28.25 28.6 
29.0 29.5 37.333333333333336 41.25 50.6 
19 gradeJava115 8ce6345ea4e815b04769b3920f04becec20cf8051565f087aa5e03c5fdca4752a56cbec48207b74f69db55f0e9e0c3c28809cc228c8d6637a7a9c732977640b9_000 2 9
30.0 30.0 30.0 23.5 19.6 
23.0 26.5 27.666666666666668 28.25 28.6 
29.0 29.5 37.333333333333336 41.25 50.6 
20 gradeJava116 8ce6345ea4e815b04769b3920f04becec20cf8051565f087aa5e03c5fdca4752a56cbec48207b74f69db55f0e9e0c3c28809cc228c8d6637a7a9c732977640b9_001 2 9
30.0 30.0 30.0 23.5 19.6 
23.0 26.5 27.666666666666668 28.25 28.6 
29.0 29.5 37.333333333333336 41.25 50.6 
21 gradeJava117 8ce6345ea4e815b04769b3920f04becec20cf8051565f087aa5e03c5fdca4752a56cbec48207b74f69db55f0e9e0c3c28809cc228c8d6637a7a9c732977640b9_002 2 9
5.0 5.0 5.0 4.75 4.6 
23.0 26.5 27.666666666666668 28.25 28.6 
29.0 29.5 37.333333333333336 41.25 50.6 
22 gradeJava118 9013bd3be8c00de447e6ed49a0fe0fab037251c28e26954bf780f2f3b929a9e7ce9da037811c76028e4069d3857410f82b8f399c7fa4386ea8f97f80aab1f191_000 9 9
0.0 0.0 0.0 0.0 0.0 
31.0 31.0 39.666666666666664 44.0 53.8 
30.0 30.0 38.666666666666664 43.0 52.8 
23 gradeJava119 9083480332b4a5e4274f3bf5ef8bd5d1bd75048c0c066e574c27a2de6d919d658efc519e8b6a230a074eb5f2957d5768f4dc981a8e926c3a72993bc448a017f7_009 9 9
0.0 0.0 0.0 0.0 0.0 
31.0 31.0 39.666666666666664 44.0 53.8 
30.0 30.0 38.666666666666664 43.0 52.8 
24 gradeJava12 1b31fa5c50f7725ce468ebf24282f2d080a83aed87e4ee35522ae7710c8e0136bc263cc460b8ec7bf2c3519cb59af4a138e114d36541515b2609ab56ad2b8ee9_000 7 9
0.0 0.0 0.0 0.0 0.0 
31.0 31.0 39.666666666666664 44.0 53.8 
30.0 30.0 38.666666666666664 43.0 52.8 
25 gradeJava120 9083480332b4a5e4274f3bf5ef8bd5d1bd75048c0c066e574c27a2de6d919d658efc519e8b6a230a074eb5f2957d5768f4dc981a8e926c3a72993bc448a017f7_010 9 9
0.0 0.0 0.0 0.0 0.0 
31.0 31.0 39.666666666666664 44.0 53.8 
30.0 30.0 38.666666666666664 43.0 52.8 
26 gradeJava121 9083480332b4a5e4274f3bf5ef8bd5d1bd75048c0c066e574c27a2de6d919d658efc519e8b6a230a074eb5f2957d5768f4dc981a8e926c3a72993bc448a017f7_011 9 9
0.0 0.0 0.0 0.0 0.0 
31.0 31.0 39.666666666666664 44.0 53.8 
30.0 30.0 38.666666666666664 43.0 52.8 
27 gradeJava122 9083480332b4a5e4274f3bf5ef8bd5d1bd75048c0c066e574c27a2de6d919d658efc519e8b6a230a074eb5f2957d5768f4dc981a8e926c3a72993bc448a017f7_013 9 9
0.0 0.0 0.0 0.0 0.0 
31.0 31.0 39.666666666666664 44.0 53.8 
30.0 30.0 38.666666666666664 43.0 52.8 
28 gradeJava123 9083480332b4a5e4274f3bf5ef8bd5d1bd75048c0c066e574c27a2de6d919d658efc519e8b6a230a074eb5f2957d5768f4dc981a8e926c3a72993bc448a017f7_018 9 9
0.0 0.0 0.0 0.0 0.0 
31.0 31.0 39.666666666666664 44.0 53.8 
30.0 30.0 38.666666666666664 43.0 52.8 
29 gradeJava124 92b7dd1241c2688476a763b691eadd80a1aa750e7c26955f8c3a3d2b11233c05cd51469a029d22c1ba0b6b4203484f2d056d1bdf5cef075f583fbca4292f1a40_002 9 9
0.0 0.0 0.0 0.0 0.0 
31.0 31.0 39.666666666666664 44.0 53.8 
30.0 30.0 38.666666666666664 43.0 52.8 
30 gradeJava125 92b7dd1241c2688476a763b691eadd80a1aa750e7c26955f8c3a3d2b11233c05cd51469a029d22c1ba0b6b4203484f2d056d1bdf5cef075f583fbca4292f1a40_007 9 9
0.0 0.0 0.0 0.0 0.0 
31.0 31.0 39.666666666666664 44.0 53.8 
30.0 30.0 38.666666666666664 43.0 52.8 
31 gradeJava126 93f87bf20be12abd3b52e14015efb6d78b6038d2022e0ab5889979f9c6b6c8c757d6b5a59feae9f8415158057992ae837da76609dc156ea76b5cca7a43a4678b_013 9 9
0.0 0.0 0.0 0.0 0.0 
31.0 31.0 39.666666666666664 44.0 53.8 
30.0 30.0 38.666666666666664 43.0 52.8 
32 gradeJava127 93f87bf20be12abd3b52e14015efb6d78b6038d2022e0ab5889979f9c6b6c8c757d6b5a59feae9f8415158057992ae837da76609dc156ea76b5cca7a43a4678b_014 9 9
0.0 0.0 0.0 0.0 0.0 
31.0 31.0 39.666666666666664 44.0 53.8 
30.0 30.0 38.666666666666664 43.0 52.8 
33 gradeJava128 93f87bf20be12abd3b52e14015efb6d78b6038d2022e0ab5889979f9c6b6c8c757d6b5a59feae9f8415158057992ae837da76609dc156ea76b5cca7a43a4678b_015 2 9
0.0 0.0 0.0 0.0 0.0 
31.0 31.0 39.666666666666664 44.0 53.8 
30.0 30.0 38.666666666666664 43.0 52.8 
34 gradeJava129 93f87bf20be12abd3b52e14015efb6d78b6038d2022e0ab5889979f9c6b6c8c757d6b5a59feae9f8415158057992ae837da76609dc156ea76b5cca7a43a4678b_016 2 9
0.0 0.0 0.0 0.0 0.0 
31.0 31.0 39.666666666666664 44.0 53.8 
30.0 30.0 38.666666666666664 43.0 52.8 
35 gradeJava13 1b31fa5c50f7725ce468ebf24282f2d080a83aed87e4ee35522ae7710c8e0136bc263cc460b8ec7bf2c3519cb59af4a138e114d36541515b2609ab56ad2b8ee9_001 7 9
0.0 0.0 0.0 0.0 0.0 
31.0 31.0 39.666666666666664 44.0 53.8 
30.0 30.0 38.666666666666664 43.0 52.8 
36 gradeJava130 95362737dcd262ddd67b0fe1381c25f1e6b885860b4e51efb6f57223dceb77b4c6c7d855e3fe891c10cd51b48c9b052cf2c74f181a28d3020d77a4a2d6e4db18_006 9 9
0.0 0.0 0.0 0.0 0.0 
31.0 31.0 39.666666666666664 44.0 53.8 
30.0 30.0 38.666666666666664 43.0 52.8 
37 gradeJava131 95362737dcd262ddd67b0fe1381c25f1e6b885860b4e51efb6f57223dceb77b4c6c7d855e3fe891c10cd51b48c9b052cf2c74f181a28d3020d77a4a2d6e4db18_007 9 9
0.0 0.0 0.0 0.0 0.0 
31.0 31.0 39.666666666666664 44.0 53.8 
30.0 30.0 38.666666666666664 43.0 52.8 
38 gradeJava132 95362737dcd262ddd67b0fe1381c25f1e6b885860b4e51efb6f57223dceb77b4c6c7d855e3fe891c10cd51b48c9b052cf2c74f181a28d3020d77a4a2d6e4db18_008 9 9
0.0 0.0 0.0 0.0 0.0 
31.0 31.0 39.666666666666664 44.0 53.8 
30.0 30.0 38.666666666666664 43.0 52.8 
39 gradeJava133 95362737dcd262ddd67b0fe1381c25f1e6b885860b4e51efb6f57223dceb77b4c6c7d855e3fe891c10cd51b48c9b052cf2c74f181a28d3020d77a4a2d6e4db18_009 9 9
0.0 0.0 0.0 0.0 0.0 
31.0 31.0 39.666666666666664 44.0 53.8 
30.0 30.0 38.666666666666664 43.0 52.8 
40 gradeJava134 95362737dcd262ddd67b0fe1381c25f1e6b885860b4e51efb6f57223dceb77b4c6c7d855e3fe891c10cd51b48c9b052cf2c74f181a28d3020d77a4a2d6e4db18_010 9 9
0.0 0.0 0.0 0.0 0.0 
31.0 31.0 39.666666666666664 44.0 53.8 
30.0 30.0 38.666666666666664 43.0 52.8 
41 gradeJava135 95362737dcd262ddd67b0fe1381c25f1e6b885860b4e51efb6f57223dceb77b4c6c7d855e3fe891c10cd51b48c9b052cf2c74f181a28d3020d77a4a2d6e4db18_011 9 9
0.0 0.0 0.0 0.0 0.0 
31.0 31.0 39.666666666666664 44.0 53.8 
30.0 30.0 38.666666666666664 43.0 52.8 
42 gradeJava136 95362737dcd262ddd67b0fe1381c25f1e6b885860b4e51efb6f57223dceb77b4c6c7d855e3fe891c10cd51b48c9b052cf2c74f181a28d3020d77a4a2d6e4db18_012 9 9
0.0 0.0 0.0 0.0 0.0 
31.0 31.0 39.666666666666664 44.0 53.8 
30.0 30.0 38.666666666666664 43.0 52.8 
43 gradeJava137 95362737dcd262ddd67b0fe1381c25f1e6b885860b4e51efb6f57223dceb77b4c6c7d855e3fe891c10cd51b48c9b052cf2c74f181a28d3020d77a4a2d6e4db18_013 9 9
0.0 0.0 0.0 0.0 0.0 
31.0 31.0 39.666666666666664 44.0 53.8 
30.0 30.0 38.666666666666664 43.0 52.8 
44 gradeJava138 95362737dcd262ddd67b0fe1381c25f1e6b885860b4e51efb6f57223dceb77b4c6c7d855e3fe891c10cd51b48c9b052cf2c74f181a28d3020d77a4a2d6e4db18_014 9 9
0.0 0.0 0.0 0.0 0.0 
31.0 31.0 39.666666666666664 44.0 53.8 
30.0 30.0 38.666666666666664 43.0 52.8 
45 gradeJava139 95362737dcd262ddd67b0fe1381c25f1e6b885860b4e51efb6f57223dceb77b4c6c7d855e3fe891c10cd51b48c9b052cf2c74f181a28d3020d77a4a2d6e4db18_015 9 9
0.0 0.0 0.0 0.0 0.0 
31.0 31.0 39.666666666666664 44.0 53.8 
30.0 30.0 38.666666666666664 43.0 52.8 
46 gradeJava14 1b31fa5c50f7725ce468ebf24282f2d080a83aed87e4ee35522ae7710c8e0136bc263cc460b8ec7bf2c3519cb59af4a138e114d36541515b2609ab56ad2b8ee9_002 7 9
0.0 0.0 0.0 0.0 0.0 
31.0 31.0 39.666666666666664 44.0 53.8 
30.0 30.0 38.666666666666664 43.0 52.8 
47 gradeJava140 95362737dcd262ddd67b0fe1381c25f1e6b885860b4e51efb6f57223dceb77b4c6c7d855e3fe891c10cd51b48c9b052cf2c74f181a28d3020d77a4a2d6e4db18_016 9 9
0.0 0.0 0.0 0.0 0.0 
31.0 31.0 39.666666666666664 44.0 53.8 
30.0 30.0 38.666666666666664 43.0 52.8 
48 gradeJava141 95362737dcd262ddd67b0fe1381c25f1e6b885860b4e51efb6f57223dceb77b4c6c7d855e3fe891c10cd51b48c9b052cf2c74f181a28d3020d77a4a2d6e4db18_017 9 9
0.0 0.0 0.0 0.0 0.0 
31.0 31.0 39.666666666666664 44.0 53.8 
30.0 30.0 38.666666666666664 43.0 52.8 
49 gradeJava142 95362737dcd262ddd67b0fe1381c25f1e6b885860b4e51efb6f57223dceb77b4c6c7d855e3fe891c10cd51b48c9b052cf2c74f181a28d3020d77a4a2d6e4db18_018 9 9
0.0 0.0 0.0 0.0 0.0 
31.0 31.0 39.666666666666664 44.0 53.8 
30.0 30.0 38.666666666666664 43.0 52.8 
50 gradeJava143 97f6b15278788d90f6a0159ac65668f63f182fadf165e78bfecd7750de89f8611759f8d8206b3505407f7de14d124db7b0309a53e222c538c4dedadc6fa24fe6_000 8 9
2.0 1.0 0.6666666666666666 0.5 0.4 
31.0 31.0 39.666666666666664 44.0 53.8 
30.0 30.0 38.666666666666664 43.0 52.8 
51 gradeJava144 97f6b15278788d90f6a0159ac65668f63f182fadf165e78bfecd7750de89f8611759f8d8206b3505407f7de14d124db7b0309a53e222c538c4dedadc6fa24fe6_008 9 9
0.0 0.0 0.0 0.0 0.0 
31.0 31.0 39.666666666666664 44.0 53.8 
30.0 30.0 38.666666666666664 43.0 52.8 
52 gradeJava145 98d873cde39437ae581e6b61ce30ca54634c9c1517b46a0f2774cb12db474b5a37759281b19283c60dbcfa44ac3e05d474a896310f64e8533603b1db73457494_004 9 9
0.0 0.0 0.0 0.0 0.0 
31.0 31.0 39.666666666666664 44.0 53.8 
30.0 30.0 38.666666666666664 43.0 52.8 
53 gradeJava146 98d873cde39437ae581e6b61ce30ca54634c9c1517b46a0f2774cb12db474b5a37759281b19283c60dbcfa44ac3e05d474a896310f64e8533603b1db73457494_008 9 9
0.0 0.0 0.0 0.0 0.0 
31.0 31.0 39.666666666666664 44.0 53.8 
30.0 30.0 38.666666666666664 43.0 52.8 
54 gradeJava147 9c9308d4cdf5bc5dfe6efc2b1a9c9bc9a44fbff73c5367c97e3be37861bbb3ba9ac7ad3ddec74dc66e34fe8f0804e46186819b4e90e8f9a59d1b82d9cf0a6218_000 8 9
30.0 30.0 30.0 23.5 19.6 
23.0 26.5 27.666666666666668 28.25 28.6 
29.0 29.5 37.333333333333336 41.25 50.6 
55 gradeJava148 9c9308d4cdf5bc5dfe6efc2b1a9c9bc9a44fbff73c5367c97e3be37861bbb3ba9ac7ad3ddec74dc66e34fe8f0804e46186819b4e90e8f9a59d1b82d9cf0a6218_001 8 9
30.0 30.0 30.0 23.5 19.6 
23.0 26.5 27.666666666666668 28.25 28.6 
29.0 29.5 37.333333333333336 41.25 50.6 
56 gradeJava149 9c9308d4cdf5bc5dfe6efc2b1a9c9bc9a44fbff73c5367c97e3be37861bbb3ba9ac7ad3ddec74dc66e34fe8f0804e46186819b4e90e8f9a59d1b82d9cf0a6218_002 8 9
30.0 30.0 30.0 23.5 19.6 
23.0 26.5 27.666666666666668 28.25 28.6 
29.0 29.5 37.333333333333336 41.25 50.6 
57 gradeJava15 1b31fa5c50f7725ce468ebf24282f2d080a83aed87e4ee35522ae7710c8e0136bc263cc460b8ec7bf2c3519cb59af4a138e114d36541515b2609ab56ad2b8ee9_003 7 9
0.0 0.0 0.0 0.0 0.0 
31.0 31.0 39.666666666666664 44.0 53.8 
30.0 30.0 38.666666666666664 43.0 52.8 
58 gradeJava150 9c9308d4cdf5bc5dfe6efc2b1a9c9bc9a44fbff73c5367c97e3be37861bbb3ba9ac7ad3ddec74dc66e34fe8f0804e46186819b4e90e8f9a59d1b82d9cf0a6218_003 8 9
30.0 30.0 30.0 23.5 19.6 
23.0 26.5 27.666666666666668 28.25 28.6 
29.0 29.5 37.333333333333336 41.25 50.6 
59 gradeJava151 9c9308d4cdf5bc5dfe6efc2b1a9c9bc9a44fbff73c5367c97e3be37861bbb3ba9ac7ad3ddec74dc66e34fe8f0804e46186819b4e90e8f9a59d1b82d9cf0a6218_004 9 9
5.0 5.0 5.0 4.75 4.6 
23.0 26.5 27.666666666666668 28.25 28.6 
29.0 29.5 37.333333333333336 41.25 50.6 
60 gradeJava152 9c9308d4cdf5bc5dfe6efc2b1a9c9bc9a44fbff73c5367c97e3be37861bbb3ba9ac7ad3ddec74dc66e34fe8f0804e46186819b4e90e8f9a59d1b82d9cf0a6218_005 9 9
5.0 5.0 5.0 4.75 4.6 
23.0 26.5 27.666666666666668 28.25 28.6 
29.0 29.5 37.333333333333336 41.25 50.6 
61 gradeJava153 9c9308d4cdf5bc5dfe6efc2b1a9c9bc9a44fbff73c5367c97e3be37861bbb3ba9ac7ad3ddec74dc66e34fe8f0804e46186819b4e90e8f9a59d1b82d9cf0a6218_006 9 9
5.0 5.0 5.0 4.75 4.6 
23.0 26.5 27.666666666666668 28.25 28.6 
29.0 29.5 37.333333333333336 41.25 50.6 
62 gradeJava154 9c9308d4cdf5bc5dfe6efc2b1a9c9bc9a44fbff73c5367c97e3be37861bbb3ba9ac7ad3ddec74dc66e34fe8f0804e46186819b4e90e8f9a59d1b82d9cf0a6218_007 9 9
5.0 5.0 5.0 4.75 4.6 
23.0 26.5 27.666666666666668 28.25 28.6 
29.0 29.5 37.333333333333336 41.25 50.6 
63 gradeJava155 9c9308d4cdf5bc5dfe6efc2b1a9c9bc9a44fbff73c5367c97e3be37861bbb3ba9ac7ad3ddec74dc66e34fe8f0804e46186819b4e90e8f9a59d1b82d9cf0a6218_013 9 9
5.0 5.0 5.0 4.75 4.6 
23.0 26.5 27.666666666666668 28.25 28.6 
29.0 29.5 37.333333333333336 41.25 50.6 
64 gradeJava156 a0e3fdae706d528dcf146cbad986ba9fd834440a7b500e32f04fad073e955a46e481c713ee118432f3fd5dfa1a63fc1caefd648a56a389e40e6362dfd51625b0_000 9 9
1.0 1.0 1.0 0.75 0.6 
31.0 31.0 33.333333333333336 39.25 46.2 
30.0 30.0 38.333333333333336 42.75 52.4 
65 gradeJava157 a0e3fdae706d528dcf146cbad986ba9fd834440a7b500e32f04fad073e955a46e481c713ee118432f3fd5dfa1a63fc1caefd648a56a389e40e6362dfd51625b0_001 9 9
1.0 1.0 1.0 0.75 0.6 
31.0 31.0 33.333333333333336 39.25 46.2 
30.0 30.0 38.333333333333336 42.75 52.4 
66 gradeJava158 a0e3fdae706d528dcf146cbad986ba9fd834440a7b500e32f04fad073e955a46e481c713ee118432f3fd5dfa1a63fc1caefd648a56a389e40e6362dfd51625b0_002 9 9
1.0 1.0 1.0 0.75 0.6 
31.0 31.0 33.333333333333336 39.25 46.2 
30.0 30.0 38.333333333333336 42.75 52.4 
67 gradeJava159 a0e3fdae706d528dcf146cbad986ba9fd834440a7b500e32f04fad073e955a46e481c713ee118432f3fd5dfa1a63fc1caefd648a56a389e40e6362dfd51625b0_003 9 9
1.0 1.0 1.0 0.75 0.6 
31.0 31.0 33.333333333333336 39.25 46.2 
30.0 30.0 38.333333333333336 42.75 52.4 
68 gradeJava16 1c2bb3a40a82cba97b2937bc6825903a28ecfe91f993fc177a0f2ae003bcc7b1073eb49e35d3f0f69d6b612e8347e9c1b93306bf25a7e5390098c1a06845baac_000 8 9
30.0 30.0 30.0 22.5 18.0 
31.0 31.0 39.666666666666664 44.0 53.6 
30.0 30.0 38.666666666666664 43.0 52.8 
69 gradeJava160 a0e3fdae706d528dcf146cbad986ba9fd834440a7b500e32f04fad073e955a46e481c713ee118432f3fd5dfa1a63fc1caefd648a56a389e40e6362dfd51625b0_004 9 9
1.0 1.0 1.0 0.75 0.6 
31.0 31.0 33.333333333333336 39.25 46.2 
30.0 30.0 38.333333333333336 42.75 52.4 
70 gradeJava161 a0e3fdae706d528dcf146cbad986ba9fd834440a7b500e32f04fad073e955a46e481c713ee118432f3fd5dfa1a63fc1caefd648a56a389e40e6362dfd51625b0_005 9 9
1.0 1.0 1.0 0.75 0.6 
31.0 31.0 33.333333333333336 39.25 46.2 
30.0 30.0 38.333333333333336 42.75 52.4 
71 gradeJava162 a0e3fdae706d528dcf146cbad986ba9fd834440a7b500e32f04fad073e955a46e481c713ee118432f3fd5dfa1a63fc1caefd648a56a389e40e6362dfd51625b0_009 9 9
1.0 1.0 1.0 0.75 0.6 
31.0 31.0 33.333333333333336 39.25 46.2 
30.0 30.0 38.333333333333336 42.75 52.4 
72 gradeJava163 a0e3fdae706d528dcf146cbad986ba9fd834440a7b500e32f04fad073e955a46e481c713ee118432f3fd5dfa1a63fc1caefd648a56a389e40e6362dfd51625b0_010 9 9
1.0 1.0 1.0 0.75 0.6 
31.0 31.0 33.333333333333336 39.25 46.2 
30.0 30.0 38.333333333333336 42.75 52.4 
73 gradeJava164 a0e3fdae706d528dcf146cbad986ba9fd834440a7b500e32f04fad073e955a46e481c713ee118432f3fd5dfa1a63fc1caefd648a56a389e40e6362dfd51625b0_011 9 9
1.0 1.0 1.0 0.75 0.6 
31.0 31.0 33.333333333333336 39.25 46.2 
30.0 30.0 38.333333333333336 42.75 52.4 
74 gradeJava165 a0e3fdae706d528dcf146cbad986ba9fd834440a7b500e32f04fad073e955a46e481c713ee118432f3fd5dfa1a63fc1caefd648a56a389e40e6362dfd51625b0_012 9 9
1.0 1.0 1.0 0.75 0.6 
31.0 31.0 33.333333333333336 39.25 46.2 
30.0 30.0 38.333333333333336 42.75 52.4 
75 gradeJava166 aaceaf4ad658a90db957967d2852b7dfa81b42f4ab8dbdf2f7c9847a6072e1741a6b0cbd2ea52f5669f2da1cdf925ec565d257320cf93b97bc9bc99f000e1871_000 8 9
6.0 5.5 5.333333333333333 5.0 4.8 
23.0 26.5 27.666666666666668 28.25 28.6 
29.0 29.5 37.333333333333336 41.25 50.6 
76 gradeJava167 aaceaf4ad658a90db957967d2852b7dfa81b42f4ab8dbdf2f7c9847a6072e1741a6b0cbd2ea52f5669f2da1cdf925ec565d257320cf93b97bc9bc99f000e1871_001 8 9
6.0 5.5 5.333333333333333 5.0 4.8 
23.0 26.5 27.666666666666668 28.25 28.6 
29.0 29.5 37.333333333333336 41.25 50.6 
77 gradeJava168 aaceaf4ad658a90db957967d2852b7dfa81b42f4ab8dbdf2f7c9847a6072e1741a6b0cbd2ea52f5669f2da1cdf925ec565d257320cf93b97bc9bc99f000e1871_002 8 9
6.0 5.5 5.333333333333333 5.0 4.8 
23.0 26.5 27.666666666666668 28.25 28.6 
29.0 29.5 37.333333333333336 41.25 50.6 
78 gradeJava169 aaceaf4ad658a90db957967d2852b7dfa81b42f4ab8dbdf2f7c9847a6072e1741a6b0cbd2ea52f5669f2da1cdf925ec565d257320cf93b97bc9bc99f000e1871_003 2 9
6.0 5.5 5.333333333333333 5.0 4.8 
23.0 26.5 27.666666666666668 28.25 28.6 
29.0 29.5 37.333333333333336 41.25 50.6 
79 gradeJava17 1c2bb3a40a82cba97b2937bc6825903a28ecfe91f993fc177a0f2ae003bcc7b1073eb49e35d3f0f69d6b612e8347e9c1b93306bf25a7e5390098c1a06845baac_001 8 9
30.0 30.0 30.0 22.5 18.0 
31.0 31.0 39.666666666666664 44.0 53.6 
30.0 30.0 38.666666666666664 43.0 52.8 
80 gradeJava170 aaceaf4ad658a90db957967d2852b7dfa81b42f4ab8dbdf2f7c9847a6072e1741a6b0cbd2ea52f5669f2da1cdf925ec565d257320cf93b97bc9bc99f000e1871_004 2 9
6.0 5.5 5.333333333333333 5.0 4.8 
23.0 26.5 27.666666666666668 28.25 28.6 
29.0 29.5 37.333333333333336 41.25 50.6 
81 gradeJava171 aaceaf4ad658a90db957967d2852b7dfa81b42f4ab8dbdf2f7c9847a6072e1741a6b0cbd2ea52f5669f2da1cdf925ec565d257320cf93b97bc9bc99f000e1871_005 2 9
6.0 5.5 5.333333333333333 5.0 4.8 
23.0 26.5 27.666666666666668 28.25 28.6 
29.0 29.5 37.333333333333336 41.25 50.6 
82 gradeJava172 aaceaf4ad658a90db957967d2852b7dfa81b42f4ab8dbdf2f7c9847a6072e1741a6b0cbd2ea52f5669f2da1cdf925ec565d257320cf93b97bc9bc99f000e1871_006 2 9
6.0 5.5 5.333333333333333 5.0 4.8 
23.0 26.5 27.666666666666668 28.25 28.6 
29.0 29.5 37.333333333333336 41.25 50.6 
90 gradeJava18 1c2bb3a40a82cba97b2937bc6825903a28ecfe91f993fc177a0f2ae003bcc7b1073eb49e35d3f0f69d6b612e8347e9c1b93306bf25a7e5390098c1a06845baac_002 9 9
0.0 0.0 0.0 0.0 0.0 
31.0 31.0 39.666666666666664 44.0 53.8 
30.0 30.0 38.666666666666664 43.0 52.8 
94 gradeJava183 af81ffd4bc47e4f84cbf87051d82d15af14833eaba6c57ae82fc503a67eb939f3e6552182124605c38a77a6774f41fac2cc95082320ba5e29d303277c098c4ae_011 9 9
0.0 0.0 0.0 0.0 0.0 
31.0 31.0 39.666666666666664 44.0 53.8 
30.0 30.0 38.666666666666664 43.0 52.8 
95 gradeJava184 b1924d63a2e25b7c8d9a794093c4ae97fdceec9e0ea46b6a4b02d9a18b9ba9cecf07cb0c42c264a0947aec22b0bacff788a547a8250c2265f601581ab545bf82_000 3 9
29.0 29.0 19.333333333333332 14.5 11.6 
30.0 30.0 30.333333333333332 30.5 43.0 
30.0 30.0 30.333333333333332 30.5 42.8 
96 gradeJava185 b1924d63a2e25b7c8d9a794093c4ae97fdceec9e0ea46b6a4b02d9a18b9ba9cecf07cb0c42c264a0947aec22b0bacff788a547a8250c2265f601581ab545bf82_001 7 9
29.0 29.0 19.333333333333332 14.5 11.6 
30.0 30.0 30.333333333333332 30.5 43.0 
30.0 30.0 30.333333333333332 30.5 42.8 
97 gradeJava186 b1924d63a2e25b7c8d9a794093c4ae97fdceec9e0ea46b6a4b02d9a18b9ba9cecf07cb0c42c264a0947aec22b0bacff788a547a8250c2265f601581ab545bf82_002 7 9
29.0 29.0 19.333333333333332 14.5 11.6 
30.0 30.0 30.333333333333332 30.5 43.0 
30.0 30.0 30.333333333333332 30.5 42.8 
98 gradeJava187 b1924d63a2e25b7c8d9a794093c4ae97fdceec9e0ea46b6a4b02d9a18b9ba9cecf07cb0c42c264a0947aec22b0bacff788a547a8250c2265f601581ab545bf82_003 7 9
29.0 29.0 19.333333333333332 14.5 11.6 
30.0 30.0 30.333333333333332 30.5 43.0 
30.0 30.0 30.333333333333332 30.5 42.8 
99 gradeJava188 b1924d63a2e25b7c8d9a794093c4ae97fdceec9e0ea46b6a4b02d9a18b9ba9cecf07cb0c42c264a0947aec22b0bacff788a547a8250c2265f601581ab545bf82_004 9 9
5.0 5.0 5.0 5.0 4.8 
24.0 27.5 29.0 31.25 33.6 
29.0 29.5 37.333333333333336 41.5 51.0 
100 gradeJava189 b6fd408d589fd1cce4003e2cf601a028e3c01042c8a274ddc384a1524cab2014154932e9cb48312af6af394ee6bee85603cab8dad3c9617a49b9d14dc482b578_000 9 9
0.0 0.0 0.0 0.0 0.0 
31.0 31.0 39.666666666666664 44.0 53.8 
30.0 30.0 38.666666666666664 43.0 52.8 
101 gradeJava19 1c2bb3a40a82cba97b2937bc6825903a28ecfe91f993fc177a0f2ae003bcc7b1073eb49e35d3f0f69d6b612e8347e9c1b93306bf25a7e5390098c1a06845baac_003 9 9
0.0 0.0 0.0 0.0 0.0 
31.0 31.0 39.666666666666664 44.0 53.8 
30.0 30.0 38.666666666666664 43.0 52.8 
102 gradeJava190 b6fd408d589fd1cce4003e2cf601a028e3c01042c8a274ddc384a1524cab2014154932e9cb48312af6af394ee6bee85603cab8dad3c9617a49b9d14dc482b578_002 9 9
0.0 0.0 0.0 0.0 0.0 
31.0 31.0 39.666666666666664 44.0 53.8 
30.0 30.0 38.666666666666664 43.0 52.8 
103 gradeJava191 bfad6d21d636def8e9e72910c3eb0815f5747669e3a60fb10c6f7f421082d18e548dcfc5d4717bb6da075c36f067b37858d11528ce796b3226ae33719c5007ce_000 8 9
1.0 0.5 0.3333333333333333 0.25 0.2 
30.0 30.5 39.333333333333336 43.75 53.6 
30.0 30.0 38.666666666666664 43.0 52.8 
104 gradeJava192 bfad6d21d636def8e9e72910c3eb0815f5747669e3a60fb10c6f7f421082d18e548dcfc5d4717bb6da075c36f067b37858d11528ce796b3226ae33719c5007ce_001 8 9
1.0 0.5 0.3333333333333333 0.25 0.2 
30.0 30.5 39.333333333333336 43.75 53.6 
30.0 30.0 38.666666666666664 43.0 52.8 
105 gradeJava193 bfad6d21d636def8e9e72910c3eb0815f5747669e3a60fb10c6f7f421082d18e548dcfc5d4717bb6da075c36f067b37858d11528ce796b3226ae33719c5007ce_011 9 9
0.0 0.0 0.0 0.0 0.0 
31.0 31.0 39.666666666666664 44.0 53.8 
30.0 30.0 38.666666666666664 43.0 52.8 
106 gradeJava194 c9d718f379a877bd04e4544ee830a1c4c256bb4f104f214afd1ccaf81e7b25dea689895678bb1e6f817d8b0939eb175f8e847130f30a9a22e980d38125933516_000 8 9
6.0 5.5 5.333333333333333 5.0 4.8 
23.0 26.5 27.666666666666668 28.25 28.6 
29.0 29.5 37.333333333333336 41.25 50.6 
107 gradeJava195 c9d718f379a877bd04e4544ee830a1c4c256bb4f104f214afd1ccaf81e7b25dea689895678bb1e6f817d8b0939eb175f8e847130f30a9a22e980d38125933516_001 9 9
5.0 5.0 5.0 4.75 4.6 
23.0 26.5 27.666666666666668 28.25 28.6 
29.0 29.5 37.333333333333336 41.25 50.6 
108 gradeJava196 c9d718f379a877bd04e4544ee830a1c4c256bb4f104f214afd1ccaf81e7b25dea689895678bb1e6f817d8b0939eb175f8e847130f30a9a22e980d38125933516_002 6 9
30.0 30.0 22.0 17.75 15.2 
23.0 26.5 27.666666666666668 28.25 28.6 
29.0 29.5 37.333333333333336 41.25 50.6 
109 gradeJava197 c9d718f379a877bd04e4544ee830a1c4c256bb4f104f214afd1ccaf81e7b25dea689895678bb1e6f817d8b0939eb175f8e847130f30a9a22e980d38125933516_003 6 9
30.0 30.0 22.0 17.75 15.2 
23.0 26.5 27.666666666666668 28.25 28.6 
29.0 29.5 37.333333333333336 41.25 50.6 
110 gradeJava198 c9d718f379a877bd04e4544ee830a1c4c256bb4f104f214afd1ccaf81e7b25dea689895678bb1e6f817d8b0939eb175f8e847130f30a9a22e980d38125933516_004 6 9
30.0 30.0 20.666666666666668 15.75 12.8 
31.0 31.0 39.666666666666664 44.0 53.6 
30.0 30.0 38.666666666666664 43.0 52.8 
111 gradeJava199 ca94e3756cbf8d1490bad660c06307f5d678e3675bbea85359523809a4f06b370066767ea2d2d76d270e4712b464924f12e19dbf1a12d28b75d367ceb202dbb9_000 9 9
0.0 0.0 0.0 0.0 0.0 
31.0 31.0 39.666666666666664 44.0 53.8 
30.0 30.0 38.666666666666664 43.0 52.8 
112 gradeJava2 070455301c2e18c7c89b850c2e86c311ac5fd223c84e723591012e163d60f11f5fd030343a444049a44940f8607d36c463f30556bf1efa98916d7417c2b4393c_002 8 9
0.0 0.0 0.0 0.0 0.0 
31.0 31.0 39.666666666666664 44.0 53.8 
30.0 30.0 38.666666666666664 43.0 52.8 
113 gradeJava20 1c2bb3a40a82cba97b2937bc6825903a28ecfe91f993fc177a0f2ae003bcc7b1073eb49e35d3f0f69d6b612e8347e9c1b93306bf25a7e5390098c1a06845baac_016 9 9
0.0 0.0 0.0 0.0 0.0 
31.0 31.0 39.666666666666664 44.0 53.8 
30.0 30.0 38.666666666666664 43.0 52.8 
114 gradeJava200 ca94e3756cbf8d1490bad660c06307f5d678e3675bbea85359523809a4f06b370066767ea2d2d76d270e4712b464924f12e19dbf1a12d28b75d367ceb202dbb9_005 9 9
0.0 0.0 0.0 0.0 0.0 
31.0 31.0 39.666666666666664 44.0 53.8 
30.0 30.0 38.666666666666664 43.0 52.8 
115 gradeJava201 cb243bebea400595cc274d1246f3307c507ba6a0e891f6e318cde2b80a72de40dab19eb7f76d3b6573a08e446bce6fb4435cdb016ae6489973b855a9bddd3b11_000 9 9
0.0 0.0 0.0 0.0 0.0 
31.0 31.0 39.666666666666664 44.0 53.8 
30.0 30.0 38.666666666666664 43.0 52.8 
116 gradeJava202 cb243bebea400595cc274d1246f3307c507ba6a0e891f6e318cde2b80a72de40dab19eb7f76d3b6573a08e446bce6fb4435cdb016ae6489973b855a9bddd3b11_001 9 9
0.0 0.0 0.0 0.0 0.0 
31.0 31.0 39.666666666666664 44.0 53.8 
30.0 30.0 38.666666666666664 43.0 52.8 
117 gradeJava203 cb243bebea400595cc274d1246f3307c507ba6a0e891f6e318cde2b80a72de40dab19eb7f76d3b6573a08e446bce6fb4435cdb016ae6489973b855a9bddd3b11_002 9 9
0.0 0.0 0.0 0.0 0.0 
31.0 31.0 39.666666666666664 44.0 53.8 
30.0 30.0 38.666666666666664 43.0 52.8 
118 gradeJava204 cd2d9b5b5cff96b07c5b22c0d139ffa2aa36b01823c9eb4db6eca19065a0ce2c4d2516bfcc2f1bc95daeae5b0bbd5e9c15b83feda776735e7bc3de6c49d25144_001 2 9
119 gradeJava205 cd2d9b5b5cff96b07c5b22c0d139ffa2aa36b01823c9eb4db6eca19065a0ce2c4d2516bfcc2f1bc95daeae5b0bbd5e9c15b83feda776735e7bc3de6c49d25144_002 2 9
120 gradeJava206 cd2d9b5b5cff96b07c5b22c0d139ffa2aa36b01823c9eb4db6eca19065a0ce2c4d2516bfcc2f1bc95daeae5b0bbd5e9c15b83feda776735e7bc3de6c49d25144_003 2 9
121 gradeJava207 cd2d9b5b5cff96b07c5b22c0d139ffa2aa36b01823c9eb4db6eca19065a0ce2c4d2516bfcc2f1bc95daeae5b0bbd5e9c15b83feda776735e7bc3de6c49d25144_004 2 9
122 gradeJava208 cd2d9b5b5cff96b07c5b22c0d139ffa2aa36b01823c9eb4db6eca19065a0ce2c4d2516bfcc2f1bc95daeae5b0bbd5e9c15b83feda776735e7bc3de6c49d25144_005 2 9
123 gradeJava209 cd2d9b5b5cff96b07c5b22c0d139ffa2aa36b01823c9eb4db6eca19065a0ce2c4d2516bfcc2f1bc95daeae5b0bbd5e9c15b83feda776735e7bc3de6c49d25144_006 7 9
30.0 30.0 30.0 22.75 18.2 
30.0 30.5 39.333333333333336 43.75 53.4 
30.0 30.0 38.666666666666664 43.0 52.8 
124 gradeJava21 295afd8942816e14193424cec0b9802cea194a90b13253b85fd19b6caeada3830c60f1fb2fbbdc67a8f713be54b01a6ea116a7d206800df226d6285ece3a4736_000 5 9
125 gradeJava210 cd2d9b5b5cff96b07c5b22c0d139ffa2aa36b01823c9eb4db6eca19065a0ce2c4d2516bfcc2f1bc95daeae5b0bbd5e9c15b83feda776735e7bc3de6c49d25144_007 7 9
124 gradeJava21 295afd8942816e14193424cec0b9802cea194a90b13253b85fd19b6caeada3830c60f1fb2fbbdc67a8f713be54b01a6ea116a7d206800df226d6285ece3a4736_000 5 9
1.0 1.0 1.0 0.75 0.6 
30.0 30.5 31.0 37.5 48.4 
30.0 30.0 38.333333333333336 42.75 52.6 
125 gradeJava210 cd2d9b5b5cff96b07c5b22c0d139ffa2aa36b01823c9eb4db6eca19065a0ce2c4d2516bfcc2f1bc95daeae5b0bbd5e9c15b83feda776735e7bc3de6c49d25144_007 7 9
2.0 1.5 1.0 0.75 0.6 
30.0 30.5 39.333333333333336 43.75 53.6 
30.0 30.0 38.666666666666664 43.0 52.8 
126 gradeJava211 cd2d9b5b5cff96b07c5b22c0d139ffa2aa36b01823c9eb4db6eca19065a0ce2c4d2516bfcc2f1bc95daeae5b0bbd5e9c15b83feda776735e7bc3de6c49d25144_008 8 9
2.0 1.0 0.6666666666666666 0.5 0.4 
31.0 31.0 39.666666666666664 44.0 53.8 
30.0 30.0 38.666666666666664 43.0 52.8 
127 gradeJava212 cd2d9b5b5cff96b07c5b22c0d139ffa2aa36b01823c9eb4db6eca19065a0ce2c4d2516bfcc2f1bc95daeae5b0bbd5e9c15b83feda776735e7bc3de6c49d25144_009 8 9
2.0 1.0 0.6666666666666666 0.5 0.4 
31.0 31.0 39.666666666666664 44.0 53.8 
30.0 30.0 38.666666666666664 43.0 52.8 
128 gradeJava213 cd2d9b5b5cff96b07c5b22c0d139ffa2aa36b01823c9eb4db6eca19065a0ce2c4d2516bfcc2f1bc95daeae5b0bbd5e9c15b83feda776735e7bc3de6c49d25144_010 8 9
2.0 1.0 0.6666666666666666 0.5 0.4 
31.0 31.0 39.666666666666664 44.0 53.8 
30.0 30.0 38.666666666666664 43.0 52.8 
129 gradeJava214 cd2d9b5b5cff96b07c5b22c0d139ffa2aa36b01823c9eb4db6eca19065a0ce2c4d2516bfcc2f1bc95daeae5b0bbd5e9c15b83feda776735e7bc3de6c49d25144_011 8 9
2.0 1.0 0.6666666666666666 0.5 0.4 
31.0 31.0 39.666666666666664 44.0 53.8 
30.0 30.0 38.666666666666664 43.0 52.8 
130 gradeJava215 cd2d9b5b5cff96b07c5b22c0d139ffa2aa36b01823c9eb4db6eca19065a0ce2c4d2516bfcc2f1bc95daeae5b0bbd5e9c15b83feda776735e7bc3de6c49d25144_012 8 9
2.0 1.0 0.6666666666666666 0.5 0.4 
31.0 31.0 39.666666666666664 44.0 53.8 
30.0 30.0 38.666666666666664 43.0 52.8 
131 gradeJava216 cd2d9b5b5cff96b07c5b22c0d139ffa2aa36b01823c9eb4db6eca19065a0ce2c4d2516bfcc2f1bc95daeae5b0bbd5e9c15b83feda776735e7bc3de6c49d25144_013 9 9
0.0 0.0 0.0 0.0 0.0 
31.0 31.0 39.666666666666664 44.0 53.8 
30.0 30.0 38.666666666666664 43.0 52.8 
132 gradeJava217 cd2d9b5b5cff96b07c5b22c0d139ffa2aa36b01823c9eb4db6eca19065a0ce2c4d2516bfcc2f1bc95daeae5b0bbd5e9c15b83feda776735e7bc3de6c49d25144_021 9 9
0.0 0.0 0.0 0.0 0.0 
31.0 31.0 39.666666666666664 44.0 53.8 
30.0 30.0 38.666666666666664 43.0 52.8 
133 gradeJava218 d009aa71ece41454c68d8038b5462d8eea8feb291bce1d53ee149f8477b5eab62ee28c7f690bf14dc6ce1d70c8943f7f3b3e4300965cb24da4cd2d2807dab19a_000 9 9
0.0 0.0 0.0 0.0 0.0 
31.0 31.0 39.666666666666664 44.0 53.8 
30.0 30.0 38.666666666666664 43.0 52.8 
134 gradeJava219 d009aa71ece41454c68d8038b5462d8eea8feb291bce1d53ee149f8477b5eab62ee28c7f690bf14dc6ce1d70c8943f7f3b3e4300965cb24da4cd2d2807dab19a_001 9 9
0.0 0.0 0.0 0.0 0.0 
31.0 31.0 39.666666666666664 44.0 53.8 
30.0 30.0 38.666666666666664 43.0 52.8 
135 gradeJava22 295afd8942816e14193424cec0b9802cea194a90b13253b85fd19b6caeada3830c60f1fb2fbbdc67a8f713be54b01a6ea116a7d206800df226d6285ece3a4736_001 5 9
1.0 1.0 1.0 0.75 0.6 
30.0 30.5 31.0 37.5 48.4 
30.0 30.0 38.333333333333336 42.75 52.6 
136 gradeJava220 d009aa71ece41454c68d8038b5462d8eea8feb291bce1d53ee149f8477b5eab62ee28c7f690bf14dc6ce1d70c8943f7f3b3e4300965cb24da4cd2d2807dab19a_002 9 9
0.0 0.0 0.0 0.0 0.0 
31.0 31.0 39.666666666666664 44.0 53.8 
30.0 30.0 38.666666666666664 43.0 52.8 
137 gradeJava221 d009aa71ece41454c68d8038b5462d8eea8feb291bce1d53ee149f8477b5eab62ee28c7f690bf14dc6ce1d70c8943f7f3b3e4300965cb24da4cd2d2807dab19a_003 9 9
0.0 0.0 0.0 0.0 0.0 
31.0 31.0 39.666666666666664 44.0 53.8 
30.0 30.0 38.666666666666664 43.0 52.8 
138 gradeJava222 d009aa71ece41454c68d8038b5462d8eea8feb291bce1d53ee149f8477b5eab62ee28c7f690bf14dc6ce1d70c8943f7f3b3e4300965cb24da4cd2d2807dab19a_004 9 9
0.0 0.0 0.0 0.0 0.0 
31.0 31.0 39.666666666666664 44.0 53.8 
30.0 30.0 38.666666666666664 43.0 52.8 
139 gradeJava223 d009aa71ece41454c68d8038b5462d8eea8feb291bce1d53ee149f8477b5eab62ee28c7f690bf14dc6ce1d70c8943f7f3b3e4300965cb24da4cd2d2807dab19a_005 9 9
0.0 0.0 0.0 0.0 0.0 
31.0 31.0 39.666666666666664 44.0 53.8 
30.0 30.0 38.666666666666664 43.0 52.8 
140 gradeJava224 d009aa71ece41454c68d8038b5462d8eea8feb291bce1d53ee149f8477b5eab62ee28c7f690bf14dc6ce1d70c8943f7f3b3e4300965cb24da4cd2d2807dab19a_006 9 9
0.0 0.0 0.0 0.0 0.0 
31.0 31.0 39.666666666666664 44.0 53.8 
30.0 30.0 38.666666666666664 43.0 52.8 
141 gradeJava225 d6364e6e98a5c96387950d5b3e6206ba9d57628ab2ad0f2cd05ea7af3b818ed03e514157fe4c64e264a0ac9df0840028e0c5a8fd3d096f5ab93bffba61f23812_000 9 9
5.0 5.0 5.0 4.75 4.6 
23.0 26.5 27.666666666666668 28.25 28.6 
29.0 29.5 37.333333333333336 41.25 50.6 
142 gradeJava226 d6364e6e98a5c96387950d5b3e6206ba9d57628ab2ad0f2cd05ea7af3b818ed03e514157fe4c64e264a0ac9df0840028e0c5a8fd3d096f5ab93bffba61f23812_001 9 9
5.0 5.0 5.0 4.75 4.6 
23.0 26.5 27.666666666666668 28.25 28.6 
29.0 29.5 37.333333333333336 41.25 50.6 
143 gradeJava227 d6364e6e98a5c96387950d5b3e6206ba9d57628ab2ad0f2cd05ea7af3b818ed03e514157fe4c64e264a0ac9df0840028e0c5a8fd3d096f5ab93bffba61f23812_002 9 9
5.0 5.0 5.0 4.75 4.6 
23.0 26.5 27.666666666666668 28.25 28.6 
29.0 29.5 37.333333333333336 41.25 50.6 
144 gradeJava228 d6364e6e98a5c96387950d5b3e6206ba9d57628ab2ad0f2cd05ea7af3b818ed03e514157fe4c64e264a0ac9df0840028e0c5a8fd3d096f5ab93bffba61f23812_003 9 9
5.0 5.0 5.0 4.75 4.6 
23.0 26.5 27.666666666666668 28.25 28.6 
29.0 29.5 37.333333333333336 41.25 50.6 
145 gradeJava229 d6364e6e98a5c96387950d5b3e6206ba9d57628ab2ad0f2cd05ea7af3b818ed03e514157fe4c64e264a0ac9df0840028e0c5a8fd3d096f5ab93bffba61f23812_004 9 9
5.0 5.0 5.0 4.75 4.6 
23.0 26.5 27.666666666666668 28.25 28.6 
29.0 29.5 37.333333333333336 41.25 50.6 
146 gradeJava23 295afd8942816e14193424cec0b9802cea194a90b13253b85fd19b6caeada3830c60f1fb2fbbdc67a8f713be54b01a6ea116a7d206800df226d6285ece3a4736_002 5 9
1.0 1.0 1.0 0.75 0.6 
30.0 30.5 31.0 37.5 48.4 
30.0 30.0 38.333333333333336 42.75 52.6 
147 gradeJava230 d6364e6e98a5c96387950d5b3e6206ba9d57628ab2ad0f2cd05ea7af3b818ed03e514157fe4c64e264a0ac9df0840028e0c5a8fd3d096f5ab93bffba61f23812_005 9 9
5.0 5.0 5.0 4.75 4.6 
23.0 26.5 27.666666666666668 28.25 28.6 
29.0 29.5 37.333333333333336 41.25 50.6 
148 gradeJava231 d6364e6e98a5c96387950d5b3e6206ba9d57628ab2ad0f2cd05ea7af3b818ed03e514157fe4c64e264a0ac9df0840028e0c5a8fd3d096f5ab93bffba61f23812_006 9 9
5.0 5.0 5.0 4.75 4.6 
23.0 26.5 27.666666666666668 28.25 28.6 
29.0 29.5 37.333333333333336 41.25 50.6 
149 gradeJava232 d6364e6e98a5c96387950d5b3e6206ba9d57628ab2ad0f2cd05ea7af3b818ed03e514157fe4c64e264a0ac9df0840028e0c5a8fd3d096f5ab93bffba61f23812_007 9 9
5.0 5.0 5.0 4.75 4.6 
23.0 26.5 27.666666666666668 28.25 28.6 
29.0 29.5 37.333333333333336 41.25 50.6 
150 gradeJava233 d8b262849e28496f80a8acf7de9758cf3f3a4edf023343521e2e0ac50ec485212a473405570d6c58de6756ae098600d9c7138390faa1aaf6bf3609a8d4016448_000 9 9
7.0 6.5 6.333333333333333 6.25 6.2 
30.0 30.0 30.0 30.0 33.0 
30.0 30.0 37.0 40.75 50.2 
151 gradeJava234 d8b262849e28496f80a8acf7de9758cf3f3a4edf023343521e2e0ac50ec485212a473405570d6c58de6756ae098600d9c7138390faa1aaf6bf3609a8d4016448_001 9 9
7.0 6.5 6.333333333333333 6.25 6.2 
30.0 30.0 30.0 30.0 33.0 
30.0 30.0 37.0 40.75 50.2 
152 gradeJava235 d8b262849e28496f80a8acf7de9758cf3f3a4edf023343521e2e0ac50ec485212a473405570d6c58de6756ae098600d9c7138390faa1aaf6bf3609a8d4016448_006 9 9
153 gradeJava236 dc11fbc9421c547961bfefcdc4044715a7131ceb484b10c8391745399298fcce81022dbb780a9efcac004486b7d989ef4bf0dfb5a4db7c599a8f9aa3393570ae_000 9 9
0.0 0.0 0.0 0.0 0.0 
31.0 31.0 39.666666666666664 44.0 53.8 
30.0 30.0 38.666666666666664 43.0 52.8 
154 gradeJava237 dc11fbc9421c547961bfefcdc4044715a7131ceb484b10c8391745399298fcce81022dbb780a9efcac004486b7d989ef4bf0dfb5a4db7c599a8f9aa3393570ae_004 9 9
0.0 0.0 0.0 0.0 0.0 
31.0 31.0 39.666666666666664 44.0 53.8 
30.0 30.0 38.666666666666664 43.0 52.8 
155 gradeJava238 dccb1242e60245b164eba39e7c2ae4d7140c2c8964675ee78c7d8bea4aae494217dcac52415ab45fd89391060d17b101d87530b8e5a0b9a5781d06fe7db614eb_001 7 9
0.0 0.0 0.0 0.0 0.0 
31.0 31.0 39.666666666666664 44.0 53.8 
30.0 30.0 38.666666666666664 43.0 52.8 
156 gradeJava239 e23b96b6bab26bd14316cefafcbaa16dd8eafcfb97a7159a7772f3c8bb3e78fb353dea728f6b4df6528286af5f0b85fd134c79886c9c2a352fe80d8204c69111_000 8 9
1.0 0.5 0.3333333333333333 0.25 0.2 
30.0 30.5 39.333333333333336 43.75 53.6 
30.0 30.0 38.666666666666664 43.0 52.8 
157 gradeJava24 295afd8942816e14193424cec0b9802cea194a90b13253b85fd19b6caeada3830c60f1fb2fbbdc67a8f713be54b01a6ea116a7d206800df226d6285ece3a4736_003 5 9
1.0 1.0 1.0 0.75 0.6 
30.0 30.5 31.0 37.5 48.4 
30.0 30.0 38.333333333333336 42.75 52.6 
158 gradeJava240 e23b96b6bab26bd14316cefafcbaa16dd8eafcfb97a7159a7772f3c8bb3e78fb353dea728f6b4df6528286af5f0b85fd134c79886c9c2a352fe80d8204c69111_001 8 9
4.0 4.0 4.0 3.75 3.6 
23.0 26.5 29.0 30.25 31.4 
29.0 29.5 37.666666666666664 41.75 51.2 
159 gradeJava241 e23b96b6bab26bd14316cefafcbaa16dd8eafcfb97a7159a7772f3c8bb3e78fb353dea728f6b4df6528286af5f0b85fd134c79886c9c2a352fe80d8204c69111_002 8 9
4.0 4.0 4.0 3.75 3.6 
23.0 26.5 27.666666666666668 28.25 29.8 
29.0 29.5 37.333333333333336 41.25 50.8 
160 gradeJava242 e23b96b6bab26bd14316cefafcbaa16dd8eafcfb97a7159a7772f3c8bb3e78fb353dea728f6b4df6528286af5f0b85fd134c79886c9c2a352fe80d8204c69111_003 9 9
5.0 5.0 5.0 4.75 4.6 
23.0 26.5 27.666666666666668 28.25 28.6 
29.0 29.5 37.333333333333336 41.25 50.6 
161 gradeJava243 e23b96b6bab26bd14316cefafcbaa16dd8eafcfb97a7159a7772f3c8bb3e78fb353dea728f6b4df6528286af5f0b85fd134c79886c9c2a352fe80d8204c69111_004 9 9
5.0 5.0 5.0 4.75 4.6 
23.0 26.5 27.666666666666668 28.25 28.6 
29.0 29.5 37.333333333333336 41.25 50.6 
162 gradeJava244 e23b96b6bab26bd14316cefafcbaa16dd8eafcfb97a7159a7772f3c8bb3e78fb353dea728f6b4df6528286af5f0b85fd134c79886c9c2a352fe80d8204c69111_005 9 9
5.0 5.0 5.0 4.75 4.6 
23.0 26.5 27.666666666666668 28.25 28.6 
29.0 29.5 37.333333333333336 41.25 50.6 
163 gradeJava245 e23b96b6bab26bd14316cefafcbaa16dd8eafcfb97a7159a7772f3c8bb3e78fb353dea728f6b4df6528286af5f0b85fd134c79886c9c2a352fe80d8204c69111_010 9 9
5.0 5.0 5.0 4.75 4.6 
23.0 26.5 27.666666666666668 28.25 28.6 
29.0 29.5 37.333333333333336 41.25 50.6 
164 gradeJava246 ee1f20ccded21df47f14019584a29968013d1e66c8df14c1564aff0d69f463c1897e93b7881fa6318cbf475b51e0cdd7523d748525fb5d64d376b88614d3fc92_000 9 9
5.0 5.0 5.0 4.75 4.6 
23.0 26.5 27.666666666666668 28.25 28.6 
29.0 29.5 37.333333333333336 41.25 50.6 
165 gradeJava247 ee1f20ccded21df47f14019584a29968013d1e66c8df14c1564aff0d69f463c1897e93b7881fa6318cbf475b51e0cdd7523d748525fb5d64d376b88614d3fc92_001 9 9
5.0 5.0 5.0 4.75 4.6 
23.0 26.5 27.666666666666668 28.25 28.6 
29.0 29.5 37.333333333333336 41.25 50.6 
166 gradeJava248 ee1f20ccded21df47f14019584a29968013d1e66c8df14c1564aff0d69f463c1897e93b7881fa6318cbf475b51e0cdd7523d748525fb5d64d376b88614d3fc92_008 9 9
5.0 5.0 5.0 4.75 4.6 
23.0 26.5 27.666666666666668 28.25 28.6 
29.0 29.5 37.333333333333336 41.25 50.6 
167 gradeJava249 f5b56c79c624eac7c37c45c1540916bb9b5f5db93e2a426a282a5d0eacde86b4b1e5d1d119eeb06f0ead94d2e4f228dca8dde4ef511af4bc59a18d272d820a0e_000 5 9
1.0 1.0 0.6666666666666666 0.5 0.4 
30.0 30.5 31.0 37.5 48.6 
30.0 30.0 38.333333333333336 42.75 52.6 
168 gradeJava25 295afd8942816e14193424cec0b9802cea194a90b13253b85fd19b6caeada3830c60f1fb2fbbdc67a8f713be54b01a6ea116a7d206800df226d6285ece3a4736_004 5 9
1.0 1.0 1.0 0.75 0.6 
30.0 30.5 31.0 37.5 48.4 
30.0 30.0 38.333333333333336 42.75 52.6 
169 gradeJava250 f5b56c79c624eac7c37c45c1540916bb9b5f5db93e2a426a282a5d0eacde86b4b1e5d1d119eeb06f0ead94d2e4f228dca8dde4ef511af4bc59a18d272d820a0e_001 5 9
1.0 1.0 0.6666666666666666 0.5 0.4 
30.0 30.5 31.0 37.5 48.6 
30.0 30.0 38.333333333333336 42.75 52.6 
170 gradeJava251 f5b56c79c624eac7c37c45c1540916bb9b5f5db93e2a426a282a5d0eacde86b4b1e5d1d119eeb06f0ead94d2e4f228dca8dde4ef511af4bc59a18d272d820a0e_002 9 9
0.0 0.0 0.0 0.0 0.0 
31.0 31.0 39.666666666666664 44.0 53.8 
30.0 30.0 38.666666666666664 43.0 52.8 
171 gradeJava252 f5b56c79c624eac7c37c45c1540916bb9b5f5db93e2a426a282a5d0eacde86b4b1e5d1d119eeb06f0ead94d2e4f228dca8dde4ef511af4bc59a18d272d820a0e_003 9 9
0.0 0.0 0.0 0.0 0.0 
31.0 31.0 39.666666666666664 44.0 53.8 
30.0 30.0 38.666666666666664 43.0 52.8 
172 gradeJava253 f5b56c79c624eac7c37c45c1540916bb9b5f5db93e2a426a282a5d0eacde86b4b1e5d1d119eeb06f0ead94d2e4f228dca8dde4ef511af4bc59a18d272d820a0e_004 9 9
0.0 0.0 0.0 0.0 0.0 
31.0 31.0 39.666666666666664 44.0 53.8 
30.0 30.0 38.666666666666664 43.0 52.8 
173 gradeJava254 f5b56c79c624eac7c37c45c1540916bb9b5f5db93e2a426a282a5d0eacde86b4b1e5d1d119eeb06f0ead94d2e4f228dca8dde4ef511af4bc59a18d272d820a0e_005 9 9
0.0 0.0 0.0 0.0 0.0 
31.0 31.0 39.666666666666664 44.0 53.8 
30.0 30.0 38.666666666666664 43.0 52.8 
174 gradeJava255 f5b56c79c624eac7c37c45c1540916bb9b5f5db93e2a426a282a5d0eacde86b4b1e5d1d119eeb06f0ead94d2e4f228dca8dde4ef511af4bc59a18d272d820a0e_006 9 9
0.0 0.0 0.0 0.0 0.0 
31.0 31.0 39.666666666666664 44.0 53.8 
30.0 30.0 38.666666666666664 43.0 52.8 
175 gradeJava256 f5b56c79c624eac7c37c45c1540916bb9b5f5db93e2a426a282a5d0eacde86b4b1e5d1d119eeb06f0ead94d2e4f228dca8dde4ef511af4bc59a18d272d820a0e_007 9 9
0.0 0.0 0.0 0.0 0.0 
31.0 31.0 39.666666666666664 44.0 53.8 
30.0 30.0 38.666666666666664 43.0 52.8 
176 gradeJava257 f5b56c79c624eac7c37c45c1540916bb9b5f5db93e2a426a282a5d0eacde86b4b1e5d1d119eeb06f0ead94d2e4f228dca8dde4ef511af4bc59a18d272d820a0e_008 9 9
0.0 0.0 0.0 0.0 0.0 
31.0 31.0 39.666666666666664 44.0 53.8 
30.0 30.0 38.666666666666664 43.0 52.8 
177 gradeJava258 f5b56c79c624eac7c37c45c1540916bb9b5f5db93e2a426a282a5d0eacde86b4b1e5d1d119eeb06f0ead94d2e4f228dca8dde4ef511af4bc59a18d272d820a0e_009 9 9
0.0 0.0 0.0 0.0 0.0 
31.0 31.0 39.666666666666664 44.0 53.8 
30.0 30.0 38.666666666666664 43.0 52.8 
178 gradeJava259 f5b56c79c624eac7c37c45c1540916bb9b5f5db93e2a426a282a5d0eacde86b4b1e5d1d119eeb06f0ead94d2e4f228dca8dde4ef511af4bc59a18d272d820a0e_010 9 9
0.0 0.0 0.0 0.0 0.0 
31.0 31.0 39.666666666666664 44.0 53.8 
30.0 30.0 38.666666666666664 43.0 52.8 
179 gradeJava26 295afd8942816e14193424cec0b9802cea194a90b13253b85fd19b6caeada3830c60f1fb2fbbdc67a8f713be54b01a6ea116a7d206800df226d6285ece3a4736_005 5 9
1.0 1.0 1.0 0.75 0.6 
30.0 30.5 31.0 37.5 48.4 
30.0 30.0 38.333333333333336 42.75 52.6 
180 gradeJava260 f5b56c79c624eac7c37c45c1540916bb9b5f5db93e2a426a282a5d0eacde86b4b1e5d1d119eeb06f0ead94d2e4f228dca8dde4ef511af4bc59a18d272d820a0e_011 9 9
0.0 0.0 0.0 0.0 0.0 
31.0 31.0 39.666666666666664 44.0 53.8 
30.0 30.0 38.666666666666664 43.0 52.8 
181 gradeJava261 f5b56c79c624eac7c37c45c1540916bb9b5f5db93e2a426a282a5d0eacde86b4b1e5d1d119eeb06f0ead94d2e4f228dca8dde4ef511af4bc59a18d272d820a0e_012 9 9
0.0 0.0 0.0 0.0 0.0 
31.0 31.0 39.666666666666664 44.0 53.8 
30.0 30.0 38.666666666666664 43.0 52.8 
182 gradeJava262 f5b56c79c624eac7c37c45c1540916bb9b5f5db93e2a426a282a5d0eacde86b4b1e5d1d119eeb06f0ead94d2e4f228dca8dde4ef511af4bc59a18d272d820a0e_013 9 9
0.0 0.0 0.0 0.0 0.0 
31.0 31.0 39.666666666666664 44.0 53.8 
30.0 30.0 38.666666666666664 43.0 52.8 
183 gradeJava263 fe9d5fb933c758c2cbbd859e3ecbd2d2eaecc2843b57cfd97da99af24de59f189a144d13ce81ec585d7c2f7367f70c0fb2aec8269eed1fd8380def614817ef7c_000 9 9
184 gradeJava264 fe9d5fb933c758c2cbbd859e3ecbd2d2eaecc2843b57cfd97da99af24de59f189a144d13ce81ec585d7c2f7367f70c0fb2aec8269eed1fd8380def614817ef7c_001 9 9
183 gradeJava263 fe9d5fb933c758c2cbbd859e3ecbd2d2eaecc2843b57cfd97da99af24de59f189a144d13ce81ec585d7c2f7367f70c0fb2aec8269eed1fd8380def614817ef7c_000 9 9
0.0 0.0 0.0 0.0 0.0 
31.0 31.0 39.666666666666664 44.0 53.8 
30.0 30.0 38.666666666666664 43.0 52.8 
184 gradeJava264 fe9d5fb933c758c2cbbd859e3ecbd2d2eaecc2843b57cfd97da99af24de59f189a144d13ce81ec585d7c2f7367f70c0fb2aec8269eed1fd8380def614817ef7c_001 9 9
0.0 0.0 0.0 0.0 0.0 
31.0 31.0 39.666666666666664 44.0 53.8 
30.0 30.0 38.666666666666664 43.0 52.8 
185 gradeJava265 fe9d5fb933c758c2cbbd859e3ecbd2d2eaecc2843b57cfd97da99af24de59f189a144d13ce81ec585d7c2f7367f70c0fb2aec8269eed1fd8380def614817ef7c_002 9 9
0.0 0.0 0.0 0.0 0.0 
31.0 31.0 39.666666666666664 44.0 53.8 
30.0 30.0 38.666666666666664 43.0 52.8 
186 gradeJava266 fe9d5fb933c758c2cbbd859e3ecbd2d2eaecc2843b57cfd97da99af24de59f189a144d13ce81ec585d7c2f7367f70c0fb2aec8269eed1fd8380def614817ef7c_003 9 9
0.0 0.0 0.0 0.0 0.0 
31.0 31.0 39.666666666666664 44.0 53.8 
30.0 30.0 38.666666666666664 43.0 52.8 
187 gradeJava267 fe9d5fb933c758c2cbbd859e3ecbd2d2eaecc2843b57cfd97da99af24de59f189a144d13ce81ec585d7c2f7367f70c0fb2aec8269eed1fd8380def614817ef7c_004 9 9
0.0 0.0 0.0 0.0 0.0 
31.0 31.0 39.666666666666664 44.0 53.8 
30.0 30.0 38.666666666666664 43.0 52.8 
188 gradeJava268 fe9d5fb933c758c2cbbd859e3ecbd2d2eaecc2843b57cfd97da99af24de59f189a144d13ce81ec585d7c2f7367f70c0fb2aec8269eed1fd8380def614817ef7c_008 9 9
0.0 0.0 0.0 0.0 0.0 
31.0 31.0 39.666666666666664 44.0 53.8 
30.0 30.0 38.666666666666664 43.0 52.8 
189 gradeJava27 295afd8942816e14193424cec0b9802cea194a90b13253b85fd19b6caeada3830c60f1fb2fbbdc67a8f713be54b01a6ea116a7d206800df226d6285ece3a4736_006 5 9
1.0 1.0 1.0 0.75 0.6 
30.0 30.5 31.0 37.5 48.4 
30.0 30.0 38.333333333333336 42.75 52.6 
190 gradeJava28 295afd8942816e14193424cec0b9802cea194a90b13253b85fd19b6caeada3830c60f1fb2fbbdc67a8f713be54b01a6ea116a7d206800df226d6285ece3a4736_007 5 9
1.0 1.0 1.0 0.75 0.6 
30.0 30.5 31.0 37.5 48.4 
30.0 30.0 38.333333333333336 42.75 52.6 
191 gradeJava29 295afd8942816e14193424cec0b9802cea194a90b13253b85fd19b6caeada3830c60f1fb2fbbdc67a8f713be54b01a6ea116a7d206800df226d6285ece3a4736_008 5 9
1.0 1.0 1.0 0.75 0.6 
30.0 30.5 31.0 37.5 48.4 
30.0 30.0 38.333333333333336 42.75 52.6 
192 gradeJava3 070455301c2e18c7c89b850c2e86c311ac5fd223c84e723591012e163d60f11f5fd030343a444049a44940f8607d36c463f30556bf1efa98916d7417c2b4393c_010 9 9
0.0 0.0 0.0 0.0 0.0 
31.0 31.0 39.666666666666664 44.0 53.8 
30.0 30.0 38.666666666666664 43.0 52.8 
193 gradeJava30 295afd8942816e14193424cec0b9802cea194a90b13253b85fd19b6caeada3830c60f1fb2fbbdc67a8f713be54b01a6ea116a7d206800df226d6285ece3a4736_009 5 9
1.0 1.0 1.0 0.75 0.6 
30.0 30.5 31.0 37.5 48.4 
30.0 30.0 38.333333333333336 42.75 52.6 
194 gradeJava31 295afd8942816e14193424cec0b9802cea194a90b13253b85fd19b6caeada3830c60f1fb2fbbdc67a8f713be54b01a6ea116a7d206800df226d6285ece3a4736_010 5 9
1.0 1.0 1.0 0.75 0.6 
30.0 30.5 31.0 37.5 48.4 
30.0 30.0 38.333333333333336 42.75 52.6 
195 gradeJava32 295afd8942816e14193424cec0b9802cea194a90b13253b85fd19b6caeada3830c60f1fb2fbbdc67a8f713be54b01a6ea116a7d206800df226d6285ece3a4736_011 5 9
1.0 1.0 1.0 0.75 0.6 
30.0 30.5 31.0 37.5 48.4 
30.0 30.0 38.333333333333336 42.75 52.6 
196 gradeJava33 295afd8942816e14193424cec0b9802cea194a90b13253b85fd19b6caeada3830c60f1fb2fbbdc67a8f713be54b01a6ea116a7d206800df226d6285ece3a4736_012 5 9
196 gradeJava33 295afd8942816e14193424cec0b9802cea194a90b13253b85fd19b6caeada3830c60f1fb2fbbdc67a8f713be54b01a6ea116a7d206800df226d6285ece3a4736_012 5 9
1.0 1.0 1.0 0.75 0.6 
30.0 30.5 31.0 37.5 48.4 
30.0 30.0 38.333333333333336 42.75 52.6 
197 gradeJava34 295afd8942816e14193424cec0b9802cea194a90b13253b85fd19b6caeada3830c60f1fb2fbbdc67a8f713be54b01a6ea116a7d206800df226d6285ece3a4736_014 9 9
0.0 0.0 0.0 0.0 0.0 
31.0 31.0 39.666666666666664 44.0 53.8 
30.0 30.0 38.666666666666664 43.0 52.8 
198 gradeJava35 30074a0e036669b5681720e6481cc101877d52ee589bab434417ece22b4133ed584c6a84f80047c10ab47aa73a7807720b5375983e8b489e8e69978e5e0e8b71_001 9 9
5.0 5.0 5.0 4.75 4.6 
23.0 26.5 27.666666666666668 28.25 28.6 
29.0 29.5 37.333333333333336 41.25 50.6 
199 gradeJava36 30074a0e036669b5681720e6481cc101877d52ee589bab434417ece22b4133ed584c6a84f80047c10ab47aa73a7807720b5375983e8b489e8e69978e5e0e8b71_002 9 9
5.0 5.0 5.0 4.75 4.6 
23.0 26.5 27.666666666666668 28.25 28.6 
29.0 29.5 37.333333333333336 41.25 50.6 
200 gradeJava37 30074a0e036669b5681720e6481cc101877d52ee589bab434417ece22b4133ed584c6a84f80047c10ab47aa73a7807720b5375983e8b489e8e69978e5e0e8b71_003 9 9
5.0 5.0 5.0 4.75 4.6 
23.0 26.5 27.666666666666668 28.25 28.6 
29.0 29.5 37.333333333333336 41.25 50.6 
201 gradeJava38 30074a0e036669b5681720e6481cc101877d52ee589bab434417ece22b4133ed584c6a84f80047c10ab47aa73a7807720b5375983e8b489e8e69978e5e0e8b71_004 9 9
5.0 5.0 5.0 4.75 4.6 
23.0 26.5 27.666666666666668 28.25 28.6 
29.0 29.5 37.333333333333336 41.25 50.6 
202 gradeJava39 30074a0e036669b5681720e6481cc101877d52ee589bab434417ece22b4133ed584c6a84f80047c10ab47aa73a7807720b5375983e8b489e8e69978e5e0e8b71_015 9 9
5.0 5.0 5.0 4.75 4.6 
23.0 26.5 27.666666666666668 28.25 28.6 
29.0 29.5 37.333333333333336 41.25 50.6 
203 gradeJava4 0cdfa335eea3c612e6fa3ad261276b0c3ebbc6ff0ff13c20bdc249bad29a8037ca6dc887dd28558964e1e1a24f47c4cffc05adba525285dc8b93660cdf9b8b7c_003 9 9
0.0 0.0 0.0 0.0 0.0 
31.0 31.0 39.666666666666664 44.0 53.8 
30.0 30.0 38.666666666666664 43.0 52.8 
204 gradeJava40 317aa7055d3b7337ab43b73863692d1288ca246c473f9fd176bc737a7c3e1e08c37a15603cfb7bfc86f7bc2dcc239967b79b605aec11f86ae3ab90dc140b540f_000 9 9
204 gradeJava40 317aa7055d3b7337ab43b73863692d1288ca246c473f9fd176bc737a7c3e1e08c37a15603cfb7bfc86f7bc2dcc239967b79b605aec11f86ae3ab90dc140b540f_000 9 9
204 gradeJava40 317aa7055d3b7337ab43b73863692d1288ca246c473f9fd176bc737a7c3e1e08c37a15603cfb7bfc86f7bc2dcc239967b79b605aec11f86ae3ab90dc140b540f_000 9 9
205 gradeJava41 317aa7055d3b7337ab43b73863692d1288ca246c473f9fd176bc737a7c3e1e08c37a15603cfb7bfc86f7bc2dcc239967b79b605aec11f86ae3ab90dc140b540f_001 9 9
206 gradeJava42 317aa7055d3b7337ab43b73863692d1288ca246c473f9fd176bc737a7c3e1e08c37a15603cfb7bfc86f7bc2dcc239967b79b605aec11f86ae3ab90dc140b540f_002 9 9
210 gradeJava46 36d8008b13f6475ca8fa4553fea10042b0a6c623665065672051445c3464d61b29b47cb66321844a0264505a0f5ccf5aa6de072aa266b5a8b0cf13198380a389_000 9 9
0.0 0.0 0.0 0.0 0.0 
31.0 31.0 39.666666666666664 44.0 53.8 
30.0 30.0 38.666666666666664 43.0 52.8 
211 gradeJava47 36d8008b13f6475ca8fa4553fea10042b0a6c623665065672051445c3464d61b29b47cb66321844a0264505a0f5ccf5aa6de072aa266b5a8b0cf13198380a389_001 9 9
0.0 0.0 0.0 0.0 0.0 
31.0 31.0 39.666666666666664 44.0 53.8 
30.0 30.0 38.666666666666664 43.0 52.8 
212 gradeJava48 387be36eafae90e7b26450a56b535f6779e881ed8916bbab08bceeb78d8ea474757d46977e2943e6b07dfe150757f53679b911e113ef68a13cd1e75b3daf18d7_000 9 9
5.0 5.0 5.0 5.0 4.8 
24.0 27.5 29.0 31.25 33.6 
29.0 29.5 37.333333333333336 41.5 51.0 
213 gradeJava49 387be36eafae90e7b26450a56b535f6779e881ed8916bbab08bceeb78d8ea474757d46977e2943e6b07dfe150757f53679b911e113ef68a13cd1e75b3daf18d7_001 9 9
5.0 5.0 5.0 5.0 4.8 
24.0 27.5 29.0 31.25 33.6 
29.0 29.5 37.333333333333336 41.5 51.0 
214 gradeJava5 0cdfa335eea3c612e6fa3ad261276b0c3ebbc6ff0ff13c20bdc249bad29a8037ca6dc887dd28558964e1e1a24f47c4cffc05adba525285dc8b93660cdf9b8b7c_013 9 9
0.0 0.0 0.0 0.0 0.0 
31.0 31.0 39.666666666666664 44.0 53.8 
30.0 30.0 38.666666666666664 43.0 52.8 
215 gradeJava50 3b2376ab97bb5d1a5dbbf2b45cf062db320757549c761936d19df05e856de894e45695014cd8063cdc22148b13fa1803b3c9e77356931d66f4fbec0efacf7829_000 8 9
30.0 30.0 30.0 22.5 18.0 
31.0 31.0 39.666666666666664 44.0 53.6 
30.0 30.0 38.666666666666664 43.0 52.8 
216 gradeJava51 3b2376ab97bb5d1a5dbbf2b45cf062db320757549c761936d19df05e856de894e45695014cd8063cdc22148b13fa1803b3c9e77356931d66f4fbec0efacf7829_001 8 9
30.0 30.0 30.0 22.5 18.0 
31.0 31.0 39.666666666666664 44.0 53.6 
30.0 30.0 38.666666666666664 43.0 52.8 
217 gradeJava52 3b2376ab97bb5d1a5dbbf2b45cf062db320757549c761936d19df05e856de894e45695014cd8063cdc22148b13fa1803b3c9e77356931d66f4fbec0efacf7829_002 8 9
30.0 30.0 30.0 22.5 18.0 
31.0 31.0 39.666666666666664 44.0 53.6 
30.0 30.0 38.666666666666664 43.0 52.8 
218 gradeJava53 3b2376ab97bb5d1a5dbbf2b45cf062db320757549c761936d19df05e856de894e45695014cd8063cdc22148b13fa1803b3c9e77356931d66f4fbec0efacf7829_003 8 9
30.0 30.0 30.0 22.5 18.0 
31.0 31.0 39.666666666666664 44.0 53.6 
30.0 30.0 38.666666666666664 43.0 52.8 
219 gradeJava54 3b2376ab97bb5d1a5dbbf2b45cf062db320757549c761936d19df05e856de894e45695014cd8063cdc22148b13fa1803b3c9e77356931d66f4fbec0efacf7829_004 8 9
30.0 30.0 30.0 22.5 18.0 
31.0 31.0 39.666666666666664 44.0 53.6 
30.0 30.0 38.666666666666664 43.0 52.8 
220 gradeJava55 3b2376ab97bb5d1a5dbbf2b45cf062db320757549c761936d19df05e856de894e45695014cd8063cdc22148b13fa1803b3c9e77356931d66f4fbec0efacf7829_005 8 9
30.0 30.0 30.0 22.5 18.0 
31.0 31.0 39.666666666666664 44.0 53.6 
30.0 30.0 38.666666666666664 43.0 52.8 
221 gradeJava56 3b2376ab97bb5d1a5dbbf2b45cf062db320757549c761936d19df05e856de894e45695014cd8063cdc22148b13fa1803b3c9e77356931d66f4fbec0efacf7829_006 8 9
30.0 30.0 30.0 22.5 18.0 
31.0 31.0 39.666666666666664 44.0 53.6 
30.0 30.0 38.666666666666664 43.0 52.8 
222 gradeJava57 3b2376ab97bb5d1a5dbbf2b45cf062db320757549c761936d19df05e856de894e45695014cd8063cdc22148b13fa1803b3c9e77356931d66f4fbec0efacf7829_007 8 9
30.0 30.0 30.0 22.5 18.0 
31.0 31.0 39.666666666666664 44.0 53.6 
30.0 30.0 38.666666666666664 43.0 52.8 
223 gradeJava58 3b2376ab97bb5d1a5dbbf2b45cf062db320757549c761936d19df05e856de894e45695014cd8063cdc22148b13fa1803b3c9e77356931d66f4fbec0efacf7829_016 9 9
0.0 0.0 0.0 0.0 0.0 
31.0 31.0 39.666666666666664 44.0 53.8 
30.0 30.0 38.666666666666664 43.0 52.8 
224 gradeJava59 3cf6d33ab0357953aa5826c67dc74c4aa483f16ef04c973a68d58cda6f19ea712954b24f366f880b9c18b628c6605eabc4d3e80dc4aa120fac80fe680e2e708f_001 7 9
0.0 0.0 0.0 0.0 0.0 
31.0 31.0 39.666666666666664 44.0 53.8 
30.0 30.0 38.666666666666664 43.0 52.8 
225 gradeJava6 0cea42f9680f35f5a84c724c396d4d588b65c303453f9585562f2e2af8db74f5096a83a70b17c5126538222b111a0795a34e9fb6db95d62d771d01592abe3ff6_000 9 9
30.0 30.0 28.333333333333332 27.25 26.2 
30.0 30.0 30.0 30.5 32.0 
30.0 30.0 32.666666666666664 34.25 44.6 
226 gradeJava60 3cf6d33ab0357953aa5826c67dc74c4aa483f16ef04c973a68d58cda6f19ea712954b24f366f880b9c18b628c6605eabc4d3e80dc4aa120fac80fe680e2e708f_002 7 9
0.0 0.0 0.0 0.0 0.0 
31.0 31.0 39.666666666666664 44.0 53.8 
30.0 30.0 38.666666666666664 43.0 52.8 
227 gradeJava61 3cf6d33ab0357953aa5826c67dc74c4aa483f16ef04c973a68d58cda6f19ea712954b24f366f880b9c18b628c6605eabc4d3e80dc4aa120fac80fe680e2e708f_003 7 9
0.0 0.0 0.0 0.0 0.0 
31.0 31.0 39.666666666666664 44.0 53.8 
30.0 30.0 38.666666666666664 43.0 52.8 
228 gradeJava62 3cf6d33ab0357953aa5826c67dc74c4aa483f16ef04c973a68d58cda6f19ea712954b24f366f880b9c18b628c6605eabc4d3e80dc4aa120fac80fe680e2e708f_004 7 9
0.0 0.0 0.0 0.0 0.0 
31.0 31.0 39.666666666666664 44.0 53.8 
30.0 30.0 38.666666666666664 43.0 52.8 
229 gradeJava63 3cf6d33ab0357953aa5826c67dc74c4aa483f16ef04c973a68d58cda6f19ea712954b24f366f880b9c18b628c6605eabc4d3e80dc4aa120fac80fe680e2e708f_005 7 9
0.0 0.0 0.0 0.0 0.0 
31.0 31.0 39.666666666666664 44.0 53.8 
30.0 30.0 38.666666666666664 43.0 52.8 
230 gradeJava64 3cf6d33ab0357953aa5826c67dc74c4aa483f16ef04c973a68d58cda6f19ea712954b24f366f880b9c18b628c6605eabc4d3e80dc4aa120fac80fe680e2e708f_006 7 9
0.0 0.0 0.0 0.0 0.0 
31.0 31.0 39.666666666666664 44.0 53.8 
30.0 30.0 38.666666666666664 43.0 52.8 
231 gradeJava65 3cf6d33ab0357953aa5826c67dc74c4aa483f16ef04c973a68d58cda6f19ea712954b24f366f880b9c18b628c6605eabc4d3e80dc4aa120fac80fe680e2e708f_007 7 9
0.0 0.0 0.0 0.0 0.0 
31.0 31.0 39.666666666666664 44.0 53.8 
30.0 30.0 38.666666666666664 43.0 52.8 
232 gradeJava66 3cf6d33ab0357953aa5826c67dc74c4aa483f16ef04c973a68d58cda6f19ea712954b24f366f880b9c18b628c6605eabc4d3e80dc4aa120fac80fe680e2e708f_008 7 9
0.0 0.0 0.0 0.0 0.0 
31.0 31.0 39.666666666666664 44.0 53.8 
30.0 30.0 38.666666666666664 43.0 52.8 
233 gradeJava67 3cf6d33ab0357953aa5826c67dc74c4aa483f16ef04c973a68d58cda6f19ea712954b24f366f880b9c18b628c6605eabc4d3e80dc4aa120fac80fe680e2e708f_009 7 9
0.0 0.0 0.0 0.0 0.0 
31.0 31.0 39.666666666666664 44.0 53.8 
30.0 30.0 38.666666666666664 43.0 52.8 
234 gradeJava68 3cf6d33ab0357953aa5826c67dc74c4aa483f16ef04c973a68d58cda6f19ea712954b24f366f880b9c18b628c6605eabc4d3e80dc4aa120fac80fe680e2e708f_010 7 9
0.0 0.0 0.0 0.0 0.0 
31.0 31.0 39.666666666666664 44.0 53.8 
30.0 30.0 38.666666666666664 43.0 52.8 
235 gradeJava69 3cf6d33ab0357953aa5826c67dc74c4aa483f16ef04c973a68d58cda6f19ea712954b24f366f880b9c18b628c6605eabc4d3e80dc4aa120fac80fe680e2e708f_011 7 9
0.0 0.0 0.0 0.0 0.0 
31.0 31.0 39.666666666666664 44.0 53.8 
30.0 30.0 38.666666666666664 43.0 52.8 
236 gradeJava7 0cea42f9680f35f5a84c724c396d4d588b65c303453f9585562f2e2af8db74f5096a83a70b17c5126538222b111a0795a34e9fb6db95d62d771d01592abe3ff6_001 9 9
0.0 0.0 0.0 0.0 0.0 
31.0 31.0 39.666666666666664 44.0 53.8 
30.0 30.0 38.666666666666664 43.0 52.8 
237 gradeJava70 3cf6d33ab0357953aa5826c67dc74c4aa483f16ef04c973a68d58cda6f19ea712954b24f366f880b9c18b628c6605eabc4d3e80dc4aa120fac80fe680e2e708f_012 7 9
0.0 0.0 0.0 0.0 0.0 
31.0 31.0 39.666666666666664 44.0 53.8 
30.0 30.0 38.666666666666664 43.0 52.8 
238 gradeJava71 3cf6d33ab0357953aa5826c67dc74c4aa483f16ef04c973a68d58cda6f19ea712954b24f366f880b9c18b628c6605eabc4d3e80dc4aa120fac80fe680e2e708f_013 7 9
0.0 0.0 0.0 0.0 0.0 
31.0 31.0 39.666666666666664 44.0 53.8 
30.0 30.0 38.666666666666664 43.0 52.8 
239 gradeJava72 489253253c866aa61b6b0d95c6072d3912f6b78dfbc01bdb2fbb663aefe33d6d353b1a61bb5fc567c9d6c334994111816edd3d43db47e4ea4a84953198736ff7_000 9 9
5.0 5.0 5.0 4.75 4.6 
23.0 26.5 27.666666666666668 28.25 28.6 
29.0 29.5 37.333333333333336 41.25 50.6 
240 gradeJava73 489253253c866aa61b6b0d95c6072d3912f6b78dfbc01bdb2fbb663aefe33d6d353b1a61bb5fc567c9d6c334994111816edd3d43db47e4ea4a84953198736ff7_001 9 9
5.0 5.0 5.0 4.75 4.6 
23.0 26.5 27.666666666666668 28.25 28.6 
29.0 29.5 37.333333333333336 41.25 50.6 
241 gradeJava74 489253253c866aa61b6b0d95c6072d3912f6b78dfbc01bdb2fbb663aefe33d6d353b1a61bb5fc567c9d6c334994111816edd3d43db47e4ea4a84953198736ff7_002 9 9
5.0 5.0 5.0 4.75 4.6 
23.0 26.5 27.666666666666668 28.25 28.6 
29.0 29.5 37.333333333333336 41.25 50.6 
242 gradeJava75 489253253c866aa61b6b0d95c6072d3912f6b78dfbc01bdb2fbb663aefe33d6d353b1a61bb5fc567c9d6c334994111816edd3d43db47e4ea4a84953198736ff7_003 9 9
5.0 5.0 5.0 4.75 4.6 
23.0 26.5 27.666666666666668 28.25 28.6 
29.0 29.5 37.333333333333336 41.25 50.6 
243 gradeJava76 489253253c866aa61b6b0d95c6072d3912f6b78dfbc01bdb2fbb663aefe33d6d353b1a61bb5fc567c9d6c334994111816edd3d43db47e4ea4a84953198736ff7_004 9 9
5.0 5.0 5.0 4.75 4.6 
23.0 26.5 27.666666666666668 28.25 28.6 
29.0 29.5 37.333333333333336 41.25 50.6 
244 gradeJava77 489253253c866aa61b6b0d95c6072d3912f6b78dfbc01bdb2fbb663aefe33d6d353b1a61bb5fc567c9d6c334994111816edd3d43db47e4ea4a84953198736ff7_005 9 9
5.0 5.0 5.0 4.75 4.6 
23.0 26.5 27.666666666666668 28.25 28.6 
29.0 29.5 37.333333333333336 41.25 50.6 
245 gradeJava78 489253253c866aa61b6b0d95c6072d3912f6b78dfbc01bdb2fbb663aefe33d6d353b1a61bb5fc567c9d6c334994111816edd3d43db47e4ea4a84953198736ff7_006 9 9
5.0 5.0 5.0 4.75 4.6 
23.0 26.5 27.666666666666668 28.25 28.6 
29.0 29.5 37.333333333333336 41.25 50.6 
246 gradeJava79 489253253c866aa61b6b0d95c6072d3912f6b78dfbc01bdb2fbb663aefe33d6d353b1a61bb5fc567c9d6c334994111816edd3d43db47e4ea4a84953198736ff7_007 9 9
5.0 5.0 5.0 4.75 4.6 
23.0 26.5 27.666666666666668 28.25 28.6 
29.0 29.5 37.333333333333336 41.25 50.6 
247 gradeJava8 0cea42f9680f35f5a84c724c396d4d588b65c303453f9585562f2e2af8db74f5096a83a70b17c5126538222b111a0795a34e9fb6db95d62d771d01592abe3ff6_002 9 9
0.0 0.0 0.0 0.0 0.0 
31.0 31.0 39.666666666666664 44.0 53.8 
30.0 30.0 38.666666666666664 43.0 52.8 
248 gradeJava80 489253253c866aa61b6b0d95c6072d3912f6b78dfbc01bdb2fbb663aefe33d6d353b1a61bb5fc567c9d6c334994111816edd3d43db47e4ea4a84953198736ff7_008 9 9
5.0 5.0 5.0 4.75 4.6 
23.0 26.5 27.666666666666668 28.25 28.6 
29.0 29.5 37.333333333333336 41.25 50.6 
249 gradeJava81 489253253c866aa61b6b0d95c6072d3912f6b78dfbc01bdb2fbb663aefe33d6d353b1a61bb5fc567c9d6c334994111816edd3d43db47e4ea4a84953198736ff7_009 9 9
5.0 5.0 5.0 4.75 4.6 
23.0 26.5 27.666666666666668 28.25 28.6 
29.0 29.5 37.333333333333336 41.25 50.6 
250 gradeJava82 489253253c866aa61b6b0d95c6072d3912f6b78dfbc01bdb2fbb663aefe33d6d353b1a61bb5fc567c9d6c334994111816edd3d43db47e4ea4a84953198736ff7_010 9 9
5.0 5.0 5.0 4.75 4.6 
23.0 26.5 27.666666666666668 28.25 28.6 
29.0 29.5 37.333333333333336 41.25 50.6 
251 gradeJava83 489253253c866aa61b6b0d95c6072d3912f6b78dfbc01bdb2fbb663aefe33d6d353b1a61bb5fc567c9d6c334994111816edd3d43db47e4ea4a84953198736ff7_011 9 9
5.0 5.0 5.0 4.75 4.6 
23.0 26.5 27.666666666666668 28.25 28.6 
29.0 29.5 37.333333333333336 41.25 50.6 
252 gradeJava84 489253253c866aa61b6b0d95c6072d3912f6b78dfbc01bdb2fbb663aefe33d6d353b1a61bb5fc567c9d6c334994111816edd3d43db47e4ea4a84953198736ff7_012 9 9
5.0 5.0 5.0 4.75 4.6 
23.0 26.5 27.666666666666668 28.25 28.6 
29.0 29.5 37.333333333333336 41.25 50.6 
253 gradeJava85 48b82975576f07f162163145b334648a73321d003a0a8cd4577172e48ce4836e63953dffd4460a9a7aadc511a695ff93de0ce2baf953e4b78b747440caa736a6_000 8 9
2.0 1.0 0.6666666666666666 0.5 0.4 
31.0 31.0 39.666666666666664 44.0 53.8 
30.0 30.0 38.666666666666664 43.0 52.8 
254 gradeJava86 48b82975576f07f162163145b334648a73321d003a0a8cd4577172e48ce4836e63953dffd4460a9a7aadc511a695ff93de0ce2baf953e4b78b747440caa736a6_001 9 9
0.0 0.0 0.0 0.0 0.0 
31.0 31.0 39.666666666666664 44.0 53.8 
30.0 30.0 38.666666666666664 43.0 52.8 
255 gradeJava87 531924c0915a9fa7b02951d5de7cc2b0da19d57a6be3b667c064bec1d5db14b955c30483b24273dd8d11a609a81726c4e6ab964009eb716f8b60adcf5f6fd7e8_000 6 9
5.0 5.0 5.0 4.75 4.4 
24.0 27.5 29.0 31.25 33.6 
29.0 29.5 37.333333333333336 41.5 51.0 
256 gradeJava88 531924c0915a9fa7b02951d5de7cc2b0da19d57a6be3b667c064bec1d5db14b955c30483b24273dd8d11a609a81726c4e6ab964009eb716f8b60adcf5f6fd7e8_001 6 9
5.0 5.0 5.0 4.75 4.4 
24.0 27.5 29.0 31.25 33.6 
29.0 29.5 37.333333333333336 41.5 51.0 
257 gradeJava89 531924c0915a9fa7b02951d5de7cc2b0da19d57a6be3b667c064bec1d5db14b955c30483b24273dd8d11a609a81726c4e6ab964009eb716f8b60adcf5f6fd7e8_002 9 9
5.0 5.0 5.0 5.0 4.8 
24.0 27.5 29.0 31.25 33.6 
29.0 29.5 37.333333333333336 41.5 51.0 
258 gradeJava9 0cea42f9680f35f5a84c724c396d4d588b65c303453f9585562f2e2af8db74f5096a83a70b17c5126538222b111a0795a34e9fb6db95d62d771d01592abe3ff6_003 9 9
0.0 0.0 0.0 0.0 0.0 
31.0 31.0 39.666666666666664 44.0 53.8 
30.0 30.0 38.666666666666664 43.0 52.8 
259 gradeJava90 5b504b3547416bfd54f138b3caa529ad72d157744b787e0e6f4745a2ff0fc5cc33bc87904b2d7cda9c7858087b2e04ece46d53fe9edd208f68d30a0ae70f363f_000 9 9
0.0 0.0 0.0 0.0 0.0 
31.0 31.0 39.666666666666664 44.0 53.8 
30.0 30.0 38.666666666666664 43.0 52.8 
260 gradeJava91 5b504b3547416bfd54f138b3caa529ad72d157744b787e0e6f4745a2ff0fc5cc33bc87904b2d7cda9c7858087b2e04ece46d53fe9edd208f68d30a0ae70f363f_002 9 9
0.0 0.0 0.0 0.0 0.0 
31.0 31.0 39.666666666666664 44.0 53.8 
30.0 30.0 38.666666666666664 43.0 52.8 
261 gradeJava92 68ea5d3466c7a9fb4a9219015d32f37de45f50df920793d79bc6028242a1913e9fa55a6da8262f1bc1f64b15e481dcd74d30dc36a54704a8abeac07d06f0f591_000 9 9
5.0 5.0 5.0 4.75 4.6 
23.0 26.5 27.666666666666668 28.25 28.6 
29.0 29.5 37.333333333333336 41.25 50.6 
262 gradeJava93 68ea5d3466c7a9fb4a9219015d32f37de45f50df920793d79bc6028242a1913e9fa55a6da8262f1bc1f64b15e481dcd74d30dc36a54704a8abeac07d06f0f591_001 9 9
5.0 5.0 5.0 4.75 4.6 
23.0 26.5 27.666666666666668 28.25 28.6 
29.0 29.5 37.333333333333336 41.25 50.6 
263 gradeJava94 6e464f2b5ba1d5ad3d4fc366e7d7712b424aabd8b41ca36257115a16416d202feb27397a413d04944c9ac76976fa8ff8ae646144855e08791ebf9593d1caaaca_000 3 9
30.0 30.0 30.0 23.75 19.8 
30.0 30.0 30.0 30.0 33.0 
30.0 30.0 37.0 40.75 50.2 
264 gradeJava95 6e464f2b5ba1d5ad3d4fc366e7d7712b424aabd8b41ca36257115a16416d202feb27397a413d04944c9ac76976fa8ff8ae646144855e08791ebf9593d1caaaca_004 9 9
0.0 0.0 0.0 0.0 0.0 
31.0 31.0 39.666666666666664 44.0 53.8 
30.0 30.0 38.666666666666664 43.0 52.8 
265 gradeJava96 75c98d3d90ca9a022bbf45421aa04a07f37da8a126811259bc4873e9458baab0a4863fa6664e5735c60172b34a16ed5acef892635f4f16e6d5737fb3685d0356_001 9 9
24.0 24.0 24.0 22.75 21.8 
18.0 18.0 18.0 19.0 21.0 
13.0 13.5 14.333333333333334 14.75 15.8 
266 gradeJava97 75c98d3d90ca9a022bbf45421aa04a07f37da8a126811259bc4873e9458baab0a4863fa6664e5735c60172b34a16ed5acef892635f4f16e6d5737fb3685d0356_002 9 9
24.0 24.0 24.0 22.75 21.8 
18.0 18.0 18.0 19.0 21.0 
13.0 13.5 14.333333333333334 14.75 15.8 
267 gradeJava98 75c98d3d90ca9a022bbf45421aa04a07f37da8a126811259bc4873e9458baab0a4863fa6664e5735c60172b34a16ed5acef892635f4f16e6d5737fb3685d0356_003 9 9
24.0 24.0 24.0 22.75 21.8 
18.0 18.0 18.0 19.0 21.0 
13.0 13.5 14.333333333333334 14.75 15.8 
268 gradeJava99 75c98d3d90ca9a022bbf45421aa04a07f37da8a126811259bc4873e9458baab0a4863fa6664e5735c60172b34a16ed5acef892635f4f16e6d5737fb3685d0356_004 9 9
24.0 24.0 24.0 22.75 21.8 
18.0 18.0 18.0 19.0 21.0 
13.0 13.5 14.333333333333334 14.75 15.8 
