0 smallestJava0 instructorSolution_000 8 8
0.0 0.0 0.0 0.0 0.0 
56.0 58.5 59.333333333333336 59.75 61.0 
55.0 57.5 58.333333333333336 58.75 60.0 
1 smallestJava1 070455301c2e18c7c89b850c2e86c311ac5fd223c84e723591012e163d60f11f5fd030343a444049a44940f8607d36c463f30556bf1efa98916d7417c2b4393c_000 2 8
26.0 26.0 26.0 25.75 25.4 
24.0 24.0 24.666666666666668 25.0 25.2 
31.0 31.5 32.0 33.0 34.2 
2 smallestJava10 15cb07a72bc49f3f4b4a1000410c388b4d03b9f36236365ba4b611ca0617243b6de4e2e0868abf9ccb667e5ff71ccd3ce631cd59fcf13ee22addabf66c1824fa_004 6 8
18.0 17.5 17.0 16.75 16.6 
20.0 21.0 21.333333333333332 21.5 21.8 
29.0 29.5 32.0 34.75 37.4 
3 smallestJava100 88394fc00b7053b386e97564e28ef68421ae09c0baeaf887bba7e254f452419783ed8f774bff3c0c7d23bdc8f6c1443fb47c7af97323d4d3d63cc088d3b6841a_005 6 8
17.0 17.0 16.666666666666668 16.5 14.4 
24.0 25.0 25.333333333333332 26.5 27.2 
47.0 48.5 50.333333333333336 51.5 52.2 
4 smallestJava101 88394fc00b7053b386e97564e28ef68421ae09c0baeaf887bba7e254f452419783ed8f774bff3c0c7d23bdc8f6c1443fb47c7af97323d4d3d63cc088d3b6841a_006 5 8
14.0 14.0 14.0 14.0 11.8 
32.0 32.0 32.333333333333336 32.5 33.4 
45.0 45.0 46.666666666666664 48.0 49.8 
5 smallestJava102 88394fc00b7053b386e97564e28ef68421ae09c0baeaf887bba7e254f452419783ed8f774bff3c0c7d23bdc8f6c1443fb47c7af97323d4d3d63cc088d3b6841a_007 2 8
24.0 24.0 23.666666666666668 23.25 21.6 
24.0 24.0 25.666666666666668 26.5 27.2 
31.0 31.5 32.0 33.75 34.8 
6 smallestJava103 88394fc00b7053b386e97564e28ef68421ae09c0baeaf887bba7e254f452419783ed8f774bff3c0c7d23bdc8f6c1443fb47c7af97323d4d3d63cc088d3b6841a_008 2 8
24.0 24.0 23.666666666666668 23.25 21.6 
24.0 24.0 25.666666666666668 26.5 27.2 
31.0 31.5 32.0 33.75 34.8 
7 smallestJava104 88394fc00b7053b386e97564e28ef68421ae09c0baeaf887bba7e254f452419783ed8f774bff3c0c7d23bdc8f6c1443fb47c7af97323d4d3d63cc088d3b6841a_009 2 8
24.0 24.0 23.666666666666668 23.25 21.6 
24.0 24.0 25.666666666666668 26.5 27.2 
31.0 31.5 32.0 33.75 34.8 
8 smallestJava105 8c7dfbb2b3654d4ab39c56f7a0093e1013b35b5c8444f9715d08561bd4abeec2f95cdf5118b993aada0ca3c50b4f8692c4b8ddeeb2d8b2ad1cd7b4a046941b16_000 2 8
28.0 27.5 27.0 26.75 26.4 
24.0 24.0 24.666666666666668 25.0 25.2 
31.0 31.5 32.0 33.0 34.2 
9 smallestJava106 8c7dfbb2b3654d4ab39c56f7a0093e1013b35b5c8444f9715d08561bd4abeec2f95cdf5118b993aada0ca3c50b4f8692c4b8ddeeb2d8b2ad1cd7b4a046941b16_001 2 8
28.0 27.5 27.0 26.75 26.4 
24.0 24.0 24.666666666666668 25.0 25.2 
31.0 31.5 32.0 33.0 34.2 
10 smallestJava107 8c7dfbb2b3654d4ab39c56f7a0093e1013b35b5c8444f9715d08561bd4abeec2f95cdf5118b993aada0ca3c50b4f8692c4b8ddeeb2d8b2ad1cd7b4a046941b16_002 2 8
28.0 27.5 27.0 26.75 26.4 
24.0 24.0 24.666666666666668 25.0 25.2 
31.0 31.5 32.0 33.0 34.2 
11 smallestJava108 8c7dfbb2b3654d4ab39c56f7a0093e1013b35b5c8444f9715d08561bd4abeec2f95cdf5118b993aada0ca3c50b4f8692c4b8ddeeb2d8b2ad1cd7b4a046941b16_003 2 8
11 smallestJava108 8c7dfbb2b3654d4ab39c56f7a0093e1013b35b5c8444f9715d08561bd4abeec2f95cdf5118b993aada0ca3c50b4f8692c4b8ddeeb2d8b2ad1cd7b4a046941b16_003 2 8
28.0 27.5 27.0 26.75 26.4 
24.0 24.0 24.666666666666668 25.0 25.2 
31.0 31.5 32.0 33.0 34.2 
12 smallestJava109 8c7dfbb2b3654d4ab39c56f7a0093e1013b35b5c8444f9715d08561bd4abeec2f95cdf5118b993aada0ca3c50b4f8692c4b8ddeeb2d8b2ad1cd7b4a046941b16_004 2 8
28.0 27.5 27.0 26.75 26.4 
24.0 24.0 24.666666666666668 25.0 25.2 
31.0 31.5 32.0 33.0 34.2 
13 smallestJava11 15cb07a72bc49f3f4b4a1000410c388b4d03b9f36236365ba4b611ca0617243b6de4e2e0868abf9ccb667e5ff71ccd3ce631cd59fcf13ee22addabf66c1824fa_005 6 8
18.0 17.5 17.0 16.75 16.6 
20.0 21.0 21.333333333333332 21.5 21.8 
29.0 29.5 32.0 34.75 37.4 
14 smallestJava110 8c7dfbb2b3654d4ab39c56f7a0093e1013b35b5c8444f9715d08561bd4abeec2f95cdf5118b993aada0ca3c50b4f8692c4b8ddeeb2d8b2ad1cd7b4a046941b16_005 2 8
28.0 27.5 27.0 26.75 26.4 
24.0 24.0 24.666666666666668 25.0 25.2 
31.0 31.5 32.0 33.0 34.2 
15 smallestJava111 8c7dfbb2b3654d4ab39c56f7a0093e1013b35b5c8444f9715d08561bd4abeec2f95cdf5118b993aada0ca3c50b4f8692c4b8ddeeb2d8b2ad1cd7b4a046941b16_006 2 8
28.0 27.5 27.0 26.75 26.4 
24.0 24.0 24.666666666666668 25.0 25.2 
31.0 31.5 32.0 33.0 34.2 
16 smallestJava112 8c7dfbb2b3654d4ab39c56f7a0093e1013b35b5c8444f9715d08561bd4abeec2f95cdf5118b993aada0ca3c50b4f8692c4b8ddeeb2d8b2ad1cd7b4a046941b16_007 2 8
28.0 27.5 27.0 26.75 26.4 
24.0 24.0 24.666666666666668 25.0 25.2 
31.0 31.5 32.0 33.0 34.2 
17 smallestJava113 8c7dfbb2b3654d4ab39c56f7a0093e1013b35b5c8444f9715d08561bd4abeec2f95cdf5118b993aada0ca3c50b4f8692c4b8ddeeb2d8b2ad1cd7b4a046941b16_008 2 8
28.0 27.5 27.0 26.75 26.4 
24.0 24.0 24.666666666666668 25.0 25.2 
31.0 31.5 32.0 33.0 34.2 
18 smallestJava114 8ce6345ea4e815b04769b3920f04becec20cf8051565f087aa5e03c5fdca4752a56cbec48207b74f69db55f0e9e0c3c28809cc228c8d6637a7a9c732977640b9_000 2 8
18 smallestJava114 8ce6345ea4e815b04769b3920f04becec20cf8051565f087aa5e03c5fdca4752a56cbec48207b74f69db55f0e9e0c3c28809cc228c8d6637a7a9c732977640b9_000 2 8
24.0 24.0 23.666666666666668 23.25 21.6 
24.0 24.0 25.666666666666668 26.5 27.2 
31.0 31.5 32.0 33.75 34.8 
19 smallestJava115 8ce6345ea4e815b04769b3920f04becec20cf8051565f087aa5e03c5fdca4752a56cbec48207b74f69db55f0e9e0c3c28809cc228c8d6637a7a9c732977640b9_001 8 8
24.0 24.0 23.666666666666668 23.25 21.6 
24.0 24.0 25.666666666666668 26.5 27.2 
31.0 31.5 32.0 33.75 34.8 
20 smallestJava116 9013bd3be8c00de447e6ed49a0fe0fab037251c28e26954bf780f2f3b929a9e7ce9da037811c76028e4069d3857410f82b8f399c7fa4386ea8f97f80aab1f191_000 2 8
25.0 24.0 23.333333333333332 23.0 22.0 
22.0 22.0 22.0 22.0 22.2 
29.0 29.5 30.666666666666668 32.25 33.2 
21 smallestJava117 9013bd3be8c00de447e6ed49a0fe0fab037251c28e26954bf780f2f3b929a9e7ce9da037811c76028e4069d3857410f82b8f399c7fa4386ea8f97f80aab1f191_001 2 8
25.0 24.0 23.333333333333332 23.0 22.0 
22.0 22.0 22.0 22.0 22.2 
29.0 29.5 30.666666666666668 32.25 33.2 
22 smallestJava118 9083480332b4a5e4274f3bf5ef8bd5d1bd75048c0c066e574c27a2de6d919d658efc519e8b6a230a074eb5f2957d5768f4dc981a8e926c3a72993bc448a017f7_004 2 8
24.0 24.0 23.666666666666668 23.25 21.6 
24.0 24.0 25.666666666666668 26.5 27.2 
31.0 31.5 32.0 33.75 34.8 
23 smallestJava119 9083480332b4a5e4274f3bf5ef8bd5d1bd75048c0c066e574c27a2de6d919d658efc519e8b6a230a074eb5f2957d5768f4dc981a8e926c3a72993bc448a017f7_005 2 8
24.0 24.0 23.666666666666668 23.25 21.6 
24.0 24.0 25.666666666666668 26.5 27.2 
31.0 31.5 32.0 33.75 34.8 
24 smallestJava12 15cb07a72bc49f3f4b4a1000410c388b4d03b9f36236365ba4b611ca0617243b6de4e2e0868abf9ccb667e5ff71ccd3ce631cd59fcf13ee22addabf66c1824fa_006 6 8
18.0 17.5 17.0 16.75 16.6 
20.0 21.0 21.333333333333332 21.5 21.8 
29.0 29.5 32.0 34.75 37.4 
25 smallestJava120 90a14c1ac8f56395389fade6f67872a9684e61f83099e634ac675eae04f391f3cc2b6f6ebe966f2488ce7e00a2cabb218f3b1372d4161b3c05d134b1b7f296d2_000 0 8
25.0 23.5 23.0 22.75 21.8 
22.0 22.0 22.333333333333332 23.25 23.8 
29.0 29.0 29.666666666666668 30.0 33.6 
26 smallestJava121 90a14c1ac8f56395389fade6f67872a9684e61f83099e634ac675eae04f391f3cc2b6f6ebe966f2488ce7e00a2cabb218f3b1372d4161b3c05d134b1b7f296d2_001 2 8
25.0 24.0 23.333333333333332 23.0 22.0 
22.0 22.0 22.0 22.0 22.2 
29.0 29.5 30.666666666666668 32.25 33.2 
27 smallestJava122 93f87bf20be12abd3b52e14015efb6d78b6038d2022e0ab5889979f9c6b6c8c757d6b5a59feae9f8415158057992ae837da76609dc156ea76b5cca7a43a4678b_000 2 8
25.0 24.0 23.333333333333332 23.0 22.0 
22.0 22.0 22.0 22.0 22.2 
29.0 29.5 30.666666666666668 32.25 33.2 
28 smallestJava123 93f87bf20be12abd3b52e14015efb6d78b6038d2022e0ab5889979f9c6b6c8c757d6b5a59feae9f8415158057992ae837da76609dc156ea76b5cca7a43a4678b_001 2 8
25.0 24.0 23.333333333333332 23.0 22.0 
22.0 22.0 22.0 22.0 22.2 
29.0 29.5 30.666666666666668 32.25 33.2 
29 smallestJava124 95362737dcd262ddd67b0fe1381c25f1e6b885860b4e51efb6f57223dceb77b4c6c7d855e3fe891c10cd51b48c9b052cf2c74f181a28d3020d77a4a2d6e4db18_009 8 8
6.0 6.0 6.0 6.0 6.0 
24.0 24.0 25.0 25.5 26.2 
49.0 51.5 52.333333333333336 52.75 54.0 
30 smallestJava125 95362737dcd262ddd67b0fe1381c25f1e6b885860b4e51efb6f57223dceb77b4c6c7d855e3fe891c10cd51b48c9b052cf2c74f181a28d3020d77a4a2d6e4db18_011 8 8
6.0 6.0 6.0 6.0 6.0 
21.0 21.0 22.666666666666668 23.5 24.2 
49.0 51.5 52.333333333333336 53.0 54.2 
31 smallestJava126 97f6b15278788d90f6a0159ac65668f63f182fadf165e78bfecd7750de89f8611759f8d8206b3505407f7de14d124db7b0309a53e222c538c4dedadc6fa24fe6_000 6 8
17.0 16.5 16.0 15.75 15.6 
24.0 24.0 26.0 27.0 29.0 
31.0 31.5 34.0 36.75 39.4 
32 smallestJava127 97f6b15278788d90f6a0159ac65668f63f182fadf165e78bfecd7750de89f8611759f8d8206b3505407f7de14d124db7b0309a53e222c538c4dedadc6fa24fe6_001 6 8
17.0 16.5 16.0 15.75 15.6 
24.0 24.0 26.0 27.0 29.0 
31.0 31.5 34.0 36.75 39.4 
33 smallestJava128 97f6b15278788d90f6a0159ac65668f63f182fadf165e78bfecd7750de89f8611759f8d8206b3505407f7de14d124db7b0309a53e222c538c4dedadc6fa24fe6_002 6 8
17.0 16.5 16.0 15.75 15.6 
24.0 24.0 26.0 27.0 29.0 
31.0 31.5 34.0 36.75 39.4 
34 smallestJava129 97f6b15278788d90f6a0159ac65668f63f182fadf165e78bfecd7750de89f8611759f8d8206b3505407f7de14d124db7b0309a53e222c538c4dedadc6fa24fe6_003 6 8
17.0 16.5 16.0 15.75 15.6 
24.0 24.0 26.0 27.0 29.0 
31.0 31.5 34.0 36.75 39.4 
35 smallestJava13 15cb07a72bc49f3f4b4a1000410c388b4d03b9f36236365ba4b611ca0617243b6de4e2e0868abf9ccb667e5ff71ccd3ce631cd59fcf13ee22addabf66c1824fa_007 6 8
18.0 17.5 17.0 16.75 16.6 
20.0 21.0 21.333333333333332 21.5 21.8 
29.0 29.5 32.0 34.75 37.4 
36 smallestJava130 98d873cde39437ae581e6b61ce30ca54634c9c1517b46a0f2774cb12db474b5a37759281b19283c60dbcfa44ac3e05d474a896310f64e8533603b1db73457494_000 2 8
24.0 24.0 23.666666666666668 23.25 21.6 
24.0 24.0 25.666666666666668 26.5 27.2 
31.0 31.5 32.0 33.75 34.8 
37 smallestJava131 98d873cde39437ae581e6b61ce30ca54634c9c1517b46a0f2774cb12db474b5a37759281b19283c60dbcfa44ac3e05d474a896310f64e8533603b1db73457494_001 2 8
24.0 24.0 23.666666666666668 23.25 21.6 
24.0 24.0 25.666666666666668 26.5 27.2 
31.0 31.5 32.0 33.75 34.8 
38 smallestJava132 98d873cde39437ae581e6b61ce30ca54634c9c1517b46a0f2774cb12db474b5a37759281b19283c60dbcfa44ac3e05d474a896310f64e8533603b1db73457494_002 2 8
24.0 24.0 23.666666666666668 23.25 21.6 
24.0 24.0 25.666666666666668 26.5 27.2 
31.0 31.5 32.0 33.75 34.8 
39 smallestJava133 a0e3fdae706d528dcf146cbad986ba9fd834440a7b500e32f04fad073e955a46e481c713ee118432f3fd5dfa1a63fc1caefd648a56a389e40e6362dfd51625b0_000 6 8
17.0 16.5 16.0 15.75 15.6 
24.0 24.0 26.0 27.0 29.0 
31.0 31.5 34.0 36.75 39.4 
40 smallestJava134 a0e3fdae706d528dcf146cbad986ba9fd834440a7b500e32f04fad073e955a46e481c713ee118432f3fd5dfa1a63fc1caefd648a56a389e40e6362dfd51625b0_001 6 8
17.0 16.5 16.0 15.75 15.6 
24.0 24.0 26.0 27.0 29.0 
31.0 31.5 34.0 36.75 39.4 
41 smallestJava135 a0e3fdae706d528dcf146cbad986ba9fd834440a7b500e32f04fad073e955a46e481c713ee118432f3fd5dfa1a63fc1caefd648a56a389e40e6362dfd51625b0_002 6 8
41 smallestJava135 a0e3fdae706d528dcf146cbad986ba9fd834440a7b500e32f04fad073e955a46e481c713ee118432f3fd5dfa1a63fc1caefd648a56a389e40e6362dfd51625b0_002 6 8
17.0 16.5 16.0 15.75 15.6 
24.0 24.0 26.0 27.0 29.0 
31.0 31.5 34.0 36.75 39.4 
42 smallestJava136 a0e3fdae706d528dcf146cbad986ba9fd834440a7b500e32f04fad073e955a46e481c713ee118432f3fd5dfa1a63fc1caefd648a56a389e40e6362dfd51625b0_003 6 8
17.0 16.5 16.0 15.75 15.6 
24.0 24.0 26.0 27.0 29.0 
31.0 31.5 34.0 36.75 39.4 
43 smallestJava137 a0e3fdae706d528dcf146cbad986ba9fd834440a7b500e32f04fad073e955a46e481c713ee118432f3fd5dfa1a63fc1caefd648a56a389e40e6362dfd51625b0_004 6 8
17.0 16.5 16.0 15.75 15.6 
24.0 24.0 26.0 27.0 29.0 
31.0 31.5 34.0 36.75 39.4 
44 smallestJava138 a0e3fdae706d528dcf146cbad986ba9fd834440a7b500e32f04fad073e955a46e481c713ee118432f3fd5dfa1a63fc1caefd648a56a389e40e6362dfd51625b0_005 6 8
17.0 16.5 16.0 15.75 15.6 
24.0 24.0 26.0 27.0 29.0 
31.0 31.5 34.0 36.75 39.4 
45 smallestJava139 a0e3fdae706d528dcf146cbad986ba9fd834440a7b500e32f04fad073e955a46e481c713ee118432f3fd5dfa1a63fc1caefd648a56a389e40e6362dfd51625b0_006 6 8
17.0 16.5 16.0 15.75 15.6 
24.0 24.0 26.0 27.0 29.0 
31.0 31.5 34.0 36.75 39.4 
46 smallestJava14 1b31fa5c50f7725ce468ebf24282f2d080a83aed87e4ee35522ae7710c8e0136bc263cc460b8ec7bf2c3519cb59af4a138e114d36541515b2609ab56ad2b8ee9_003 2 8
25.0 24.0 23.333333333333332 23.0 22.0 
22.0 22.0 22.0 22.0 22.2 
29.0 29.5 30.666666666666668 32.25 33.2 
47 smallestJava140 af81ffd4bc47e4f84cbf87051d82d15af14833eaba6c57ae82fc503a67eb939f3e6552182124605c38a77a6774f41fac2cc95082320ba5e29d303277c098c4ae_000 8 8
70.0 67.5 66.66666666666667 66.25 65.0 
17.0 17.0 17.0 17.0 18.0 
24.0 24.5 25.0 25.5 26.2 
48 smallestJava141 af81ffd4bc47e4f84cbf87051d82d15af14833eaba6c57ae82fc503a67eb939f3e6552182124605c38a77a6774f41fac2cc95082320ba5e29d303277c098c4ae_001 8 8
70.0 67.5 66.66666666666667 66.25 65.0 
17.0 17.0 17.0 17.0 18.0 
24.0 24.5 25.0 25.5 26.2 
49 smallestJava142 b1924d63a2e25b7c8d9a794093c4ae97fdceec9e0ea46b6a4b02d9a18b9ba9cecf07cb0c42c264a0947aec22b0bacff788a547a8250c2265f601581ab545bf82_000 8 8
21.0 21.0 21.0 21.0 21.0 
21.0 21.0 21.333333333333332 21.5 22.4 
21.0 21.0 21.0 21.0 23.0 
50 smallestJava143 b1924d63a2e25b7c8d9a794093c4ae97fdceec9e0ea46b6a4b02d9a18b9ba9cecf07cb0c42c264a0947aec22b0bacff788a547a8250c2265f601581ab545bf82_001 2 8
21.0 21.0 21.0 21.0 21.0 
21.0 21.0 21.333333333333332 21.5 22.4 
21.0 21.0 21.0 21.0 23.0 
51 smallestJava144 b1924d63a2e25b7c8d9a794093c4ae97fdceec9e0ea46b6a4b02d9a18b9ba9cecf07cb0c42c264a0947aec22b0bacff788a547a8250c2265f601581ab545bf82_002 2 8
21.0 21.0 21.0 21.0 21.0 
21.0 21.0 21.333333333333332 21.5 22.4 
21.0 21.0 21.0 21.0 23.0 
52 smallestJava145 b1924d63a2e25b7c8d9a794093c4ae97fdceec9e0ea46b6a4b02d9a18b9ba9cecf07cb0c42c264a0947aec22b0bacff788a547a8250c2265f601581ab545bf82_007 8 8
5.0 5.0 5.0 5.0 4.8 
21.0 21.0 22.666666666666668 23.5 24.4 
50.0 52.5 53.333333333333336 54.0 55.2 
57 smallestJava15 1b31fa5c50f7725ce468ebf24282f2d080a83aed87e4ee35522ae7710c8e0136bc263cc460b8ec7bf2c3519cb59af4a138e114d36541515b2609ab56ad2b8ee9_004 2 8
25.0 24.0 23.333333333333332 23.0 22.0 
22.0 22.0 22.0 22.0 22.2 
29.0 29.5 30.666666666666668 32.25 33.2 
58 smallestJava150 c9d718f379a877bd04e4544ee830a1c4c256bb4f104f214afd1ccaf81e7b25dea689895678bb1e6f817d8b0939eb175f8e847130f30a9a22e980d38125933516_000 2 8
51.0 50.5 50.0 49.75 49.4 
11.0 11.0 11.333333333333334 11.5 11.6 
9.0 10.0 10.666666666666666 12.0 13.0 
59 smallestJava151 c9d718f379a877bd04e4544ee830a1c4c256bb4f104f214afd1ccaf81e7b25dea689895678bb1e6f817d8b0939eb175f8e847130f30a9a22e980d38125933516_001 2 8
51.0 50.5 50.0 49.75 49.4 
11.0 11.5 11.666666666666666 11.75 11.8 
9.0 10.0 10.666666666666666 12.0 13.0 
60 smallestJava152 c9d718f379a877bd04e4544ee830a1c4c256bb4f104f214afd1ccaf81e7b25dea689895678bb1e6f817d8b0939eb175f8e847130f30a9a22e980d38125933516_002 2 8
51.0 50.5 50.0 49.75 49.4 
11.0 11.5 11.666666666666666 11.75 11.8 
9.0 10.0 10.666666666666666 12.0 13.0 
61 smallestJava153 c9d718f379a877bd04e4544ee830a1c4c256bb4f104f214afd1ccaf81e7b25dea689895678bb1e6f817d8b0939eb175f8e847130f30a9a22e980d38125933516_003 2 8
51.0 50.5 50.0 49.75 49.4 
11.0 11.5 11.666666666666666 11.75 11.8 
9.0 10.0 10.666666666666666 12.0 13.0 
62 smallestJava154 cb243bebea400595cc274d1246f3307c507ba6a0e891f6e318cde2b80a72de40dab19eb7f76d3b6573a08e446bce6fb4435cdb016ae6489973b855a9bddd3b11_000 8 8
3.0 3.0 3.0 3.0 2.6 
32.0 32.5 32.666666666666664 32.75 33.6 
52.0 54.5 55.333333333333336 56.25 57.4 
63 smallestJava155 cb243bebea400595cc274d1246f3307c507ba6a0e891f6e318cde2b80a72de40dab19eb7f76d3b6573a08e446bce6fb4435cdb016ae6489973b855a9bddd3b11_001 8 8
3.0 3.0 3.0 3.0 2.6 
32.0 32.5 32.666666666666664 32.75 33.6 
52.0 54.5 55.333333333333336 56.25 57.4 
64 smallestJava156 d009aa71ece41454c68d8038b5462d8eea8feb291bce1d53ee149f8477b5eab62ee28c7f690bf14dc6ce1d70c8943f7f3b3e4300965cb24da4cd2d2807dab19a_001 2 8
64 smallestJava156 d009aa71ece41454c68d8038b5462d8eea8feb291bce1d53ee149f8477b5eab62ee28c7f690bf14dc6ce1d70c8943f7f3b3e4300965cb24da4cd2d2807dab19a_001 2 8
24.0 24.0 23.666666666666668 23.25 21.6 
24.0 24.0 25.666666666666668 26.5 27.2 
31.0 31.5 32.0 33.75 34.8 
65 smallestJava157 d25c714b0bf59a479cfefe89ae1a98cf00937dccbe68f02fb160f1f561c967d01a00b4b0ef23c9eb1bd2a5667b48ed78e484802b21672ab946b354ff7a6027c7_000 8 8
16.0 16.0 16.0 16.0 14.0 
25.0 25.0 26.0 26.5 27.4 
42.0 42.0 44.333333333333336 46.75 48.2 
66 smallestJava158 d25c714b0bf59a479cfefe89ae1a98cf00937dccbe68f02fb160f1f561c967d01a00b4b0ef23c9eb1bd2a5667b48ed78e484802b21672ab946b354ff7a6027c7_001 8 8
16.0 16.0 16.0 16.0 14.0 
25.0 25.0 26.0 26.5 27.4 
42.0 42.0 44.333333333333336 46.75 48.2 
67 smallestJava159 d9e7eab5f82342d78fb20833701c4e9f900e8fcb737038d3a2ad18f664532af4d6332b7d14841c9ac773c52f6590b754f76df1f430a35bc8ca4799a767cdec6d_002 8 8
4.0 4.0 4.0 4.0 4.0 
30.0 30.0 30.666666666666668 31.0 31.8 
51.0 53.5 54.333333333333336 54.75 56.0 
68 smallestJava16 1b31fa5c50f7725ce468ebf24282f2d080a83aed87e4ee35522ae7710c8e0136bc263cc460b8ec7bf2c3519cb59af4a138e114d36541515b2609ab56ad2b8ee9_005 2 8
25.0 24.0 23.333333333333332 23.0 22.0 
22.0 22.0 22.0 22.0 22.2 
29.0 29.5 30.666666666666668 32.25 33.2 
69 smallestJava160 d9e7eab5f82342d78fb20833701c4e9f900e8fcb737038d3a2ad18f664532af4d6332b7d14841c9ac773c52f6590b754f76df1f430a35bc8ca4799a767cdec6d_014 8 8
4.0 4.0 4.0 4.0 4.0 
30.0 30.0 30.666666666666668 31.0 31.8 
51.0 53.5 54.333333333333336 54.75 56.0 
70 smallestJava161 dedc2a7c919835ade6d92729cfb18fc71addf6dcdf36ce26ca8b1e3d3aea81bad974c61b96fd71537e95a6aac4582d5b08f9fd8057ce40fb18fb5df37d86b70d_000 6 8
51.0 50.5 50.0 49.75 49.4 
11.0 11.0 11.333333333333334 11.5 11.6 
9.0 10.0 10.666666666666666 12.0 13.0 
71 smallestJava162 e9c6206d3a4862876b0dead881ac55078f11e291f60215ab028651f06fcbee2a591a31a7727037774542df4fe051a89460d85f6067a0b9729ae86e4afe1e6e92_000 2 8
51.0 50.5 50.0 49.75 49.4 
11.0 11.5 11.666666666666666 11.75 11.8 
9.0 10.0 10.666666666666666 12.0 13.0 
72 smallestJava163 ea67b84145a12733c524b716da44f36a42cf815013d14cafbd2a66a5a4c8b5a99022c355960cd62ca71a640315747cd604afdfa9ec753d1739c686734b2798a7_000 6 8
17.0 16.5 16.0 15.75 15.6 
24.0 24.0 26.0 27.0 29.0 
31.0 31.5 34.0 36.75 39.4 
73 smallestJava164 ea67b84145a12733c524b716da44f36a42cf815013d14cafbd2a66a5a4c8b5a99022c355960cd62ca71a640315747cd604afdfa9ec753d1739c686734b2798a7_001 6 8
17.0 16.5 16.0 15.75 15.6 
24.0 24.0 26.0 27.0 29.0 
31.0 31.5 34.0 36.75 39.4 
74 smallestJava165 ea67b84145a12733c524b716da44f36a42cf815013d14cafbd2a66a5a4c8b5a99022c355960cd62ca71a640315747cd604afdfa9ec753d1739c686734b2798a7_002 6 8
17.0 16.5 16.0 15.75 15.6 
24.0 24.0 26.0 27.0 29.0 
31.0 31.5 34.0 36.75 39.4 
75 smallestJava166 ea67b84145a12733c524b716da44f36a42cf815013d14cafbd2a66a5a4c8b5a99022c355960cd62ca71a640315747cd604afdfa9ec753d1739c686734b2798a7_003 6 8
17.0 16.5 16.0 15.75 15.6 
24.0 24.0 26.0 27.0 29.0 
31.0 31.5 34.0 36.75 39.4 
76 smallestJava167 ee1f20ccded21df47f14019584a29968013d1e66c8df14c1564aff0d69f463c1897e93b7881fa6318cbf475b51e0cdd7523d748525fb5d64d376b88614d3fc92_006 2 8
24.0 24.0 23.666666666666668 23.25 21.6 
24.0 24.0 25.666666666666668 26.5 27.2 
31.0 31.5 32.0 33.75 34.8 
77 smallestJava168 f2997e14a460c6df0ed10aa9f6e792666e37d5c06a9a81445f14509e4a0113f59f5589ef37774dfea1f7d0ae9bb6c388e6eeb44e745e35f8511bbd4b82709d9a_000 2 8
24.0 24.0 23.666666666666668 23.25 21.6 
24.0 24.0 25.666666666666668 26.5 27.2 
31.0 31.5 32.0 33.75 34.8 
78 smallestJava169 f2997e14a460c6df0ed10aa9f6e792666e37d5c06a9a81445f14509e4a0113f59f5589ef37774dfea1f7d0ae9bb6c388e6eeb44e745e35f8511bbd4b82709d9a_001 2 8
24.0 24.0 23.666666666666668 23.25 21.6 
24.0 24.0 25.666666666666668 26.5 27.2 
31.0 31.5 32.0 33.75 34.8 
79 smallestJava17 1b31fa5c50f7725ce468ebf24282f2d080a83aed87e4ee35522ae7710c8e0136bc263cc460b8ec7bf2c3519cb59af4a138e114d36541515b2609ab56ad2b8ee9_006 2 8
25.0 24.0 23.333333333333332 23.0 22.0 
22.0 22.0 22.0 22.0 22.2 
29.0 29.5 30.666666666666668 32.25 33.2 
80 smallestJava170 f2997e14a460c6df0ed10aa9f6e792666e37d5c06a9a81445f14509e4a0113f59f5589ef37774dfea1f7d0ae9bb6c388e6eeb44e745e35f8511bbd4b82709d9a_002 2 8
24.0 24.0 23.666666666666668 23.25 21.6 
24.0 24.0 25.666666666666668 26.5 27.2 
31.0 31.5 32.0 33.75 34.8 
81 smallestJava171 f8d57deac89e46f99354a70e8f6bc830e0bded0c297d7a0765348de79d6071cb076d4e8f2cd60cff584cb220049d6065827a29904a7e1f9144f510f7773e6d0e_000 6 8
18.0 17.5 17.0 16.75 16.6 
20.0 21.0 21.333333333333332 21.5 21.8 
29.0 29.5 32.0 34.75 37.4 
82 smallestJava172 f8d57deac89e46f99354a70e8f6bc830e0bded0c297d7a0765348de79d6071cb076d4e8f2cd60cff584cb220049d6065827a29904a7e1f9144f510f7773e6d0e_001 4 8
18.0 17.5 17.0 16.75 16.6 
20.0 21.0 21.333333333333332 21.5 21.8 
29.0 29.5 32.0 34.75 37.4 
83 smallestJava173 f8d57deac89e46f99354a70e8f6bc830e0bded0c297d7a0765348de79d6071cb076d4e8f2cd60cff584cb220049d6065827a29904a7e1f9144f510f7773e6d0e_002 6 8
18.0 17.5 17.0 16.75 16.6 
20.0 21.0 21.333333333333332 21.5 21.8 
29.0 29.5 32.0 34.75 37.4 
84 smallestJava174 f94e261284a925b931cca5a89f73ae19039f2699f0416d5e4e7e673bb7a2c746760ae35adf47cfa94ad5af1623209b17a0e53c1300d3771c5b0b0cada1561d3f_004 8 8
30.0 27.5 26.333333333333332 25.0 23.4 
24.0 24.0 25.666666666666668 26.5 27.2 
32.0 32.5 34.0 35.25 37.0 
85 smallestJava175 f94e261284a925b931cca5a89f73ae19039f2699f0416d5e4e7e673bb7a2c746760ae35adf47cfa94ad5af1623209b17a0e53c1300d3771c5b0b0cada1561d3f_005 8 8
30.0 27.5 26.333333333333332 25.0 23.4 
24.0 24.0 25.666666666666668 26.5 27.2 
32.0 32.5 34.0 35.25 37.0 
86 smallestJava176 fe9d5fb933c758c2cbbd859e3ecbd2d2eaecc2843b57cfd97da99af24de59f189a144d13ce81ec585d7c2f7367f70c0fb2aec8269eed1fd8380def614817ef7c_001 8 8
21.0 21.0 21.0 21.0 21.0 
21.0 21.0 21.0 21.0 22.0 
21.0 21.0 21.0 21.0 22.0 
87 smallestJava177 fe9d5fb933c758c2cbbd859e3ecbd2d2eaecc2843b57cfd97da99af24de59f189a144d13ce81ec585d7c2f7367f70c0fb2aec8269eed1fd8380def614817ef7c_006 8 8
6.0 6.0 6.0 6.0 6.0 
24.0 24.0 25.0 25.5 26.2 
49.0 51.5 52.333333333333336 52.75 54.0 
88 smallestJava18 2694af73c71cb375afbf48eafad870d9f8d0e2962411c4d96ab2f0b6c31ffdd3a5b84f8ed59c08a809df688abffcb5ab9fb88e7b1df1970eadb6e8fa0ac34309_000 2 8
24.0 24.0 23.666666666666668 23.25 21.6 
24.0 24.0 25.666666666666668 26.5 27.2 
31.0 31.5 32.0 33.75 34.8 
89 smallestJava19 30074a0e036669b5681720e6481cc101877d52ee589bab434417ece22b4133ed584c6a84f80047c10ab47aa73a7807720b5375983e8b489e8e69978e5e0e8b71_000 0 8
89 smallestJava19 30074a0e036669b5681720e6481cc101877d52ee589bab434417ece22b4133ed584c6a84f80047c10ab47aa73a7807720b5375983e8b489e8e69978e5e0e8b71_000 0 8
24.0 24.0 23.666666666666668 23.25 21.6 
24.0 24.0 25.666666666666668 26.5 27.2 
31.0 31.5 32.0 33.75 34.8 
90 smallestJava2 070455301c2e18c7c89b850c2e86c311ac5fd223c84e723591012e163d60f11f5fd030343a444049a44940f8607d36c463f30556bf1efa98916d7417c2b4393c_001 2 8
26.0 26.0 26.0 25.75 25.4 
24.0 24.0 24.666666666666668 25.0 25.2 
31.0 31.5 32.0 33.0 34.2 
91 smallestJava20 30074a0e036669b5681720e6481cc101877d52ee589bab434417ece22b4133ed584c6a84f80047c10ab47aa73a7807720b5375983e8b489e8e69978e5e0e8b71_001 2 8
24.0 24.0 23.666666666666668 23.25 21.6 
24.0 24.0 25.666666666666668 26.5 27.2 
31.0 31.5 32.0 33.75 34.8 
92 smallestJava21 30074a0e036669b5681720e6481cc101877d52ee589bab434417ece22b4133ed584c6a84f80047c10ab47aa73a7807720b5375983e8b489e8e69978e5e0e8b71_002 2 8
24.0 24.0 23.666666666666668 23.25 21.6 
24.0 24.0 25.666666666666668 26.5 27.2 
31.0 31.5 32.0 33.75 34.8 
93 smallestJava22 30074a0e036669b5681720e6481cc101877d52ee589bab434417ece22b4133ed584c6a84f80047c10ab47aa73a7807720b5375983e8b489e8e69978e5e0e8b71_003 2 8
24.0 24.0 23.666666666666668 23.25 21.6 
24.0 24.0 25.666666666666668 26.5 27.2 
31.0 31.5 32.0 33.75 34.8 
94 smallestJava23 30074a0e036669b5681720e6481cc101877d52ee589bab434417ece22b4133ed584c6a84f80047c10ab47aa73a7807720b5375983e8b489e8e69978e5e0e8b71_004 2 8
24.0 24.0 23.666666666666668 23.25 21.6 
24.0 24.0 25.666666666666668 26.5 27.2 
31.0 31.5 32.0 33.75 34.8 
95 smallestJava24 30074a0e036669b5681720e6481cc101877d52ee589bab434417ece22b4133ed584c6a84f80047c10ab47aa73a7807720b5375983e8b489e8e69978e5e0e8b71_005 2 8
24.0 24.0 23.666666666666668 23.25 21.6 
24.0 24.0 25.666666666666668 26.5 27.2 
31.0 31.5 32.0 33.75 34.8 
96 smallestJava25 30074a0e036669b5681720e6481cc101877d52ee589bab434417ece22b4133ed584c6a84f80047c10ab47aa73a7807720b5375983e8b489e8e69978e5e0e8b71_006 2 8
24.0 24.0 23.666666666666668 23.25 21.6 
24.0 24.0 25.666666666666668 26.5 27.2 
31.0 31.5 32.0 33.75 34.8 
97 smallestJava26 30074a0e036669b5681720e6481cc101877d52ee589bab434417ece22b4133ed584c6a84f80047c10ab47aa73a7807720b5375983e8b489e8e69978e5e0e8b71_007 2 8
24.0 24.0 23.666666666666668 23.25 21.6 
24.0 24.0 25.666666666666668 26.5 27.2 
31.0 31.5 32.0 33.75 34.8 
98 smallestJava27 30074a0e036669b5681720e6481cc101877d52ee589bab434417ece22b4133ed584c6a84f80047c10ab47aa73a7807720b5375983e8b489e8e69978e5e0e8b71_008 0 8
24.0 24.0 23.666666666666668 23.25 21.6 
24.0 24.0 25.666666666666668 26.5 27.2 
31.0 31.5 32.0 33.75 34.8 
99 smallestJava28 30074a0e036669b5681720e6481cc101877d52ee589bab434417ece22b4133ed584c6a84f80047c10ab47aa73a7807720b5375983e8b489e8e69978e5e0e8b71_009 2 8
24.0 24.0 23.666666666666668 23.25 21.6 
24.0 24.0 25.666666666666668 26.5 27.2 
31.0 31.5 32.0 33.75 34.8 
100 smallestJava29 346b1d3c1cdc3032d07222a8a5e0027a2abf95bb1697b9d367d7cca7db1af769d8298e232c56471a122f05e87e79f4bd965855c9c0f8b173ebc0ef5d0abebc7b_002 2 8
24.0 24.0 23.666666666666668 23.25 21.6 
24.0 24.0 25.666666666666668 26.5 27.2 
31.0 31.5 32.0 33.75 34.8 
101 smallestJava3 070455301c2e18c7c89b850c2e86c311ac5fd223c84e723591012e163d60f11f5fd030343a444049a44940f8607d36c463f30556bf1efa98916d7417c2b4393c_002 2 8
101 smallestJava3 070455301c2e18c7c89b850c2e86c311ac5fd223c84e723591012e163d60f11f5fd030343a444049a44940f8607d36c463f30556bf1efa98916d7417c2b4393c_002 2 8
26.0 26.0 26.0 25.75 25.4 
24.0 24.0 24.666666666666668 25.0 25.2 
31.0 31.5 32.0 33.0 34.2 
102 smallestJava30 346b1d3c1cdc3032d07222a8a5e0027a2abf95bb1697b9d367d7cca7db1af769d8298e232c56471a122f05e87e79f4bd965855c9c0f8b173ebc0ef5d0abebc7b_003 2 8
24.0 24.0 23.666666666666668 23.25 21.6 
24.0 24.0 25.666666666666668 26.5 27.2 
31.0 31.5 32.0 33.75 34.8 
103 smallestJava31 346b1d3c1cdc3032d07222a8a5e0027a2abf95bb1697b9d367d7cca7db1af769d8298e232c56471a122f05e87e79f4bd965855c9c0f8b173ebc0ef5d0abebc7b_004 2 8
24.0 24.0 23.666666666666668 23.25 21.6 
24.0 24.0 25.666666666666668 26.5 27.2 
31.0 31.5 32.0 33.75 34.8 
104 smallestJava32 346b1d3c1cdc3032d07222a8a5e0027a2abf95bb1697b9d367d7cca7db1af769d8298e232c56471a122f05e87e79f4bd965855c9c0f8b173ebc0ef5d0abebc7b_005 8 8
30.0 27.5 26.333333333333332 25.0 23.4 
24.0 24.0 25.666666666666668 26.5 27.2 
32.0 32.5 34.0 35.25 37.0 
105 smallestJava33 346b1d3c1cdc3032d07222a8a5e0027a2abf95bb1697b9d367d7cca7db1af769d8298e232c56471a122f05e87e79f4bd965855c9c0f8b173ebc0ef5d0abebc7b_006 8 8
30.0 27.5 26.333333333333332 25.0 23.4 
24.0 24.0 25.666666666666668 26.5 27.2 
32.0 32.5 34.0 35.25 37.0 
106 smallestJava34 346b1d3c1cdc3032d07222a8a5e0027a2abf95bb1697b9d367d7cca7db1af769d8298e232c56471a122f05e87e79f4bd965855c9c0f8b173ebc0ef5d0abebc7b_007 8 8
30.0 27.5 26.333333333333332 25.0 23.4 
24.0 24.0 25.666666666666668 26.5 27.2 
32.0 32.5 34.0 35.25 37.0 
107 smallestJava35 346b1d3c1cdc3032d07222a8a5e0027a2abf95bb1697b9d367d7cca7db1af769d8298e232c56471a122f05e87e79f4bd965855c9c0f8b173ebc0ef5d0abebc7b_008 8 8
30.0 27.5 26.333333333333332 25.0 23.4 
24.0 24.0 25.666666666666668 26.5 27.2 
32.0 32.5 34.0 35.25 37.0 
108 smallestJava36 346b1d3c1cdc3032d07222a8a5e0027a2abf95bb1697b9d367d7cca7db1af769d8298e232c56471a122f05e87e79f4bd965855c9c0f8b173ebc0ef5d0abebc7b_009 8 8
30.0 27.5 26.333333333333332 25.0 23.4 
24.0 24.0 25.666666666666668 26.5 27.2 
32.0 32.5 34.0 35.25 37.0 
109 smallestJava37 346b1d3c1cdc3032d07222a8a5e0027a2abf95bb1697b9d367d7cca7db1af769d8298e232c56471a122f05e87e79f4bd965855c9c0f8b173ebc0ef5d0abebc7b_010 8 8
30.0 27.5 26.333333333333332 25.0 23.4 
24.0 24.0 25.666666666666668 26.5 27.2 
32.0 32.5 34.0 35.25 37.0 
110 smallestJava38 346b1d3c1cdc3032d07222a8a5e0027a2abf95bb1697b9d367d7cca7db1af769d8298e232c56471a122f05e87e79f4bd965855c9c0f8b173ebc0ef5d0abebc7b_011 8 8
30.0 27.5 26.333333333333332 25.0 23.4 
24.0 24.0 25.666666666666668 26.5 27.2 
32.0 32.5 34.0 35.25 37.0 
111 smallestJava39 346b1d3c1cdc3032d07222a8a5e0027a2abf95bb1697b9d367d7cca7db1af769d8298e232c56471a122f05e87e79f4bd965855c9c0f8b173ebc0ef5d0abebc7b_015 8 8
30.0 27.5 26.333333333333332 25.0 23.4 
24.0 24.0 25.666666666666668 26.5 27.2 
32.0 32.5 34.0 35.25 37.0 
112 smallestJava4 1391c9b132764431738ca64d39293c8f76de61bab8169ea5e4daf9d14441ee02bf9cf5e448136f7f58d730052ff1c3803688d9e65680d8b757ee1ffdabd4b01f_002 2 8
28.0 27.5 27.0 26.75 26.4 
24.0 24.0 24.666666666666668 25.0 25.2 
31.0 31.5 32.0 33.0 34.2 
113 smallestJava40 36d8008b13f6475ca8fa4553fea10042b0a6c623665065672051445c3464d61b29b47cb66321844a0264505a0f5ccf5aa6de072aa266b5a8b0cf13198380a389_000 6 8
17.0 16.5 16.0 15.75 15.6 
24.0 24.0 26.0 27.0 29.0 
31.0 31.5 34.0 36.75 39.4 
114 smallestJava41 36d8008b13f6475ca8fa4553fea10042b0a6c623665065672051445c3464d61b29b47cb66321844a0264505a0f5ccf5aa6de072aa266b5a8b0cf13198380a389_001 6 8
17.0 16.5 16.0 15.75 15.6 
24.0 24.0 26.0 27.0 29.0 
31.0 31.5 34.0 36.75 39.4 
115 smallestJava42 36d8008b13f6475ca8fa4553fea10042b0a6c623665065672051445c3464d61b29b47cb66321844a0264505a0f5ccf5aa6de072aa266b5a8b0cf13198380a389_002 6 8
17.0 16.5 16.0 15.75 15.6 
24.0 24.0 26.0 27.0 29.0 
31.0 31.5 34.0 36.75 39.4 
116 smallestJava43 36d8008b13f6475ca8fa4553fea10042b0a6c623665065672051445c3464d61b29b47cb66321844a0264505a0f5ccf5aa6de072aa266b5a8b0cf13198380a389_003 6 8
17.0 16.5 16.0 15.75 15.6 
24.0 24.0 26.0 27.0 29.0 
31.0 31.5 34.0 36.75 39.4 
117 smallestJava44 36d8008b13f6475ca8fa4553fea10042b0a6c623665065672051445c3464d61b29b47cb66321844a0264505a0f5ccf5aa6de072aa266b5a8b0cf13198380a389_004 6 8
17.0 16.5 16.0 15.75 15.6 
24.0 24.0 26.0 27.0 29.0 
31.0 31.5 34.0 36.75 39.4 
118 smallestJava45 36d8008b13f6475ca8fa4553fea10042b0a6c623665065672051445c3464d61b29b47cb66321844a0264505a0f5ccf5aa6de072aa266b5a8b0cf13198380a389_005 6 8
17.0 16.5 16.0 15.75 15.6 
24.0 24.0 26.0 27.0 29.0 
31.0 31.5 34.0 36.75 39.4 
119 smallestJava46 3b2376ab97bb5d1a5dbbf2b45cf062db320757549c761936d19df05e856de894e45695014cd8063cdc22148b13fa1803b3c9e77356931d66f4fbec0efacf7829_000 6 8
18.0 17.5 17.0 16.75 16.6 
20.0 21.0 21.333333333333332 21.5 21.8 
29.0 29.5 32.0 34.75 37.4 
120 smallestJava47 3b2376ab97bb5d1a5dbbf2b45cf062db320757549c761936d19df05e856de894e45695014cd8063cdc22148b13fa1803b3c9e77356931d66f4fbec0efacf7829_001 6 8
18.0 17.5 17.0 16.75 16.6 
20.0 21.0 21.333333333333332 21.5 21.8 
29.0 29.5 32.0 34.75 37.4 
121 smallestJava48 3b2376ab97bb5d1a5dbbf2b45cf062db320757549c761936d19df05e856de894e45695014cd8063cdc22148b13fa1803b3c9e77356931d66f4fbec0efacf7829_002 6 8
18.0 17.5 17.0 16.75 16.6 
20.0 21.0 21.333333333333332 21.5 21.8 
29.0 29.5 32.0 34.75 37.4 
122 smallestJava49 3b2376ab97bb5d1a5dbbf2b45cf062db320757549c761936d19df05e856de894e45695014cd8063cdc22148b13fa1803b3c9e77356931d66f4fbec0efacf7829_003 6 8
18.0 17.5 17.0 16.75 16.6 
20.0 21.0 21.333333333333332 21.5 21.8 
29.0 29.5 32.0 34.75 37.4 
123 smallestJava5 1391c9b132764431738ca64d39293c8f76de61bab8169ea5e4daf9d14441ee02bf9cf5e448136f7f58d730052ff1c3803688d9e65680d8b757ee1ffdabd4b01f_003 2 8
28.0 27.5 27.0 26.75 26.4 
24.0 24.0 24.666666666666668 25.0 25.2 
31.0 31.5 32.0 33.0 34.2 
124 smallestJava50 3b2376ab97bb5d1a5dbbf2b45cf062db320757549c761936d19df05e856de894e45695014cd8063cdc22148b13fa1803b3c9e77356931d66f4fbec0efacf7829_004 8 8
16.0 15.5 15.333333333333334 15.25 13.2 
21.0 21.0 21.333333333333332 22.5 23.2 
43.0 45.5 47.0 49.0 50.4 
125 smallestJava51 3b2376ab97bb5d1a5dbbf2b45cf062db320757549c761936d19df05e856de894e45695014cd8063cdc22148b13fa1803b3c9e77356931d66f4fbec0efacf7829_006 6 8
15.0 15.0 14.666666666666666 14.5 12.4 
30.0 31.0 31.333333333333332 31.75 32.4 
49.0 50.5 52.333333333333336 53.5 54.2 
126 smallestJava52 3b2376ab97bb5d1a5dbbf2b45cf062db320757549c761936d19df05e856de894e45695014cd8063cdc22148b13fa1803b3c9e77356931d66f4fbec0efacf7829_007 6 8
126 smallestJava52 3b2376ab97bb5d1a5dbbf2b45cf062db320757549c761936d19df05e856de894e45695014cd8063cdc22148b13fa1803b3c9e77356931d66f4fbec0efacf7829_007 6 8
15.0 15.0 14.666666666666666 14.5 12.4 
30.0 31.0 31.333333333333332 31.75 32.4 
49.0 50.5 52.333333333333336 53.5 54.2 
127 smallestJava53 3b2376ab97bb5d1a5dbbf2b45cf062db320757549c761936d19df05e856de894e45695014cd8063cdc22148b13fa1803b3c9e77356931d66f4fbec0efacf7829_008 6 8
18.0 17.5 17.0 16.75 16.6 
20.0 21.0 21.333333333333332 21.5 21.8 
29.0 29.5 32.0 34.75 37.4 
128 smallestJava54 3cf6d33ab0357953aa5826c67dc74c4aa483f16ef04c973a68d58cda6f19ea712954b24f366f880b9c18b628c6605eabc4d3e80dc4aa120fac80fe680e2e708f_003 2 8
51.0 50.5 50.0 49.75 49.4 
11.0 11.5 11.666666666666666 11.75 11.8 
9.0 10.0 10.666666666666666 12.0 13.0 
129 smallestJava55 3cf6d33ab0357953aa5826c67dc74c4aa483f16ef04c973a68d58cda6f19ea712954b24f366f880b9c18b628c6605eabc4d3e80dc4aa120fac80fe680e2e708f_004 2 8
51.0 50.5 50.0 49.75 49.4 
11.0 11.5 11.666666666666666 11.75 11.8 
9.0 10.0 10.666666666666666 12.0 13.0 
130 smallestJava56 3cf6d33ab0357953aa5826c67dc74c4aa483f16ef04c973a68d58cda6f19ea712954b24f366f880b9c18b628c6605eabc4d3e80dc4aa120fac80fe680e2e708f_005 2 8
51.0 50.5 50.0 49.75 49.4 
11.0 11.5 11.666666666666666 11.75 11.8 
9.0 10.0 10.666666666666666 12.0 13.0 
131 smallestJava57 3cf6d33ab0357953aa5826c67dc74c4aa483f16ef04c973a68d58cda6f19ea712954b24f366f880b9c18b628c6605eabc4d3e80dc4aa120fac80fe680e2e708f_006 2 8
51.0 50.5 50.0 49.75 49.4 
11.0 11.5 11.666666666666666 11.75 11.8 
9.0 10.0 10.666666666666666 12.0 13.0 
132 smallestJava58 48b82975576f07f162163145b334648a73321d003a0a8cd4577172e48ce4836e63953dffd4460a9a7aadc511a695ff93de0ce2baf953e4b78b747440caa736a6_000 6 8
17.0 16.5 16.0 15.75 15.6 
24.0 24.0 26.0 27.0 29.0 
31.0 31.5 34.0 36.75 39.4 
133 smallestJava59 48b82975576f07f162163145b334648a73321d003a0a8cd4577172e48ce4836e63953dffd4460a9a7aadc511a695ff93de0ce2baf953e4b78b747440caa736a6_001 6 8
17.0 16.5 16.0 15.75 15.6 
24.0 24.0 26.0 27.0 29.0 
31.0 31.5 34.0 36.75 39.4 
134 smallestJava6 1391c9b132764431738ca64d39293c8f76de61bab8169ea5e4daf9d14441ee02bf9cf5e448136f7f58d730052ff1c3803688d9e65680d8b757ee1ffdabd4b01f_004 2 8
134 smallestJava6 1391c9b132764431738ca64d39293c8f76de61bab8169ea5e4daf9d14441ee02bf9cf5e448136f7f58d730052ff1c3803688d9e65680d8b757ee1ffdabd4b01f_004 2 8
28.0 27.5 27.0 26.75 26.4 
24.0 24.0 24.666666666666668 25.0 25.2 
31.0 31.5 32.0 33.0 34.2 
135 smallestJava60 5a5683598d8e2140d344e9ac96a8d6105b8e6e55831ab874cd960dfe789c3b242d57aad028e2b28331e4d61019d6e1b1d1cad97316bcb0378df48de738147b7d_000 2 8
24.0 24.0 23.666666666666668 23.25 21.6 
24.0 24.0 25.666666666666668 26.5 27.2 
31.0 31.5 32.0 33.75 34.8 
136 smallestJava61 5a5683598d8e2140d344e9ac96a8d6105b8e6e55831ab874cd960dfe789c3b242d57aad028e2b28331e4d61019d6e1b1d1cad97316bcb0378df48de738147b7d_001 2 8
24.0 24.0 23.666666666666668 23.25 21.6 
24.0 24.0 25.666666666666668 26.5 27.2 
31.0 31.5 32.0 33.75 34.8 
137 smallestJava62 5a5683598d8e2140d344e9ac96a8d6105b8e6e55831ab874cd960dfe789c3b242d57aad028e2b28331e4d61019d6e1b1d1cad97316bcb0378df48de738147b7d_002 2 8
24.0 24.0 23.666666666666668 23.25 21.6 
24.0 24.0 25.666666666666668 26.5 27.2 
31.0 31.5 32.0 33.75 34.8 
138 smallestJava63 5a5683598d8e2140d344e9ac96a8d6105b8e6e55831ab874cd960dfe789c3b242d57aad028e2b28331e4d61019d6e1b1d1cad97316bcb0378df48de738147b7d_004 8 8
32.0 28.5 27.333333333333332 26.25 24.4 
22.0 22.0 22.0 22.0 22.0 
30.0 30.5 32.0 33.25 35.0 
139 smallestJava64 68eb0bb00bcd06020ba4e5c5afbce504f5e7af9618c274197da7d50f668649a59f3eb961a718f5f67cc8731f9f5e2df46e511d083b2b5e785e9377c8f94e6ea5_000 6 8
17.0 16.5 16.0 15.75 15.6 
24.0 24.0 26.0 27.0 29.0 
31.0 31.5 34.0 36.75 39.4 
140 smallestJava65 68eb0bb00bcd06020ba4e5c5afbce504f5e7af9618c274197da7d50f668649a59f3eb961a718f5f67cc8731f9f5e2df46e511d083b2b5e785e9377c8f94e6ea5_001 6 8
17.0 16.5 16.0 15.75 15.6 
24.0 24.0 26.0 27.0 29.0 
31.0 31.5 34.0 36.75 39.4 
141 smallestJava66 68eb0bb00bcd06020ba4e5c5afbce504f5e7af9618c274197da7d50f668649a59f3eb961a718f5f67cc8731f9f5e2df46e511d083b2b5e785e9377c8f94e6ea5_002 6 8
17.0 16.5 16.0 15.75 15.6 
24.0 24.0 26.0 27.0 29.0 
31.0 31.5 34.0 36.75 39.4 
142 smallestJava67 6aaeaf2ffb623b5736c0c0b9e8a1a3b080e8aef14d963d899eb3e4073245ad1171e26fb2a64fb88db6e40aa59e894a55eac832e38d444755cb3b6ad10ba74c62_000 8 8
26.0 25.5 22.666666666666668 21.25 20.2 
13.0 14.5 15.0 15.5 16.6 
24.0 24.0 24.0 24.0 27.0 
143 smallestJava68 6aaeaf2ffb623b5736c0c0b9e8a1a3b080e8aef14d963d899eb3e4073245ad1171e26fb2a64fb88db6e40aa59e894a55eac832e38d444755cb3b6ad10ba74c62_001 8 8
26.0 25.5 22.666666666666668 21.25 20.2 
13.0 14.5 15.0 15.5 16.6 
24.0 24.0 24.0 24.0 27.0 
144 smallestJava69 6aaeaf2ffb623b5736c0c0b9e8a1a3b080e8aef14d963d899eb3e4073245ad1171e26fb2a64fb88db6e40aa59e894a55eac832e38d444755cb3b6ad10ba74c62_002 8 8
6.0 6.0 6.0 6.0 6.0 
24.0 24.0 25.0 25.5 26.2 
49.0 51.5 52.333333333333336 52.75 54.0 
145 smallestJava7 1391c9b132764431738ca64d39293c8f76de61bab8169ea5e4daf9d14441ee02bf9cf5e448136f7f58d730052ff1c3803688d9e65680d8b757ee1ffdabd4b01f_005 2 8
28.0 27.5 27.0 26.75 26.4 
24.0 24.0 24.666666666666668 25.0 25.2 
31.0 31.5 32.0 33.0 34.2 
146 smallestJava70 75c98d3d90ca9a022bbf45421aa04a07f37da8a126811259bc4873e9458baab0a4863fa6664e5735c60172b34a16ed5acef892635f4f16e6d5737fb3685d0356_000 2 8
24.0 24.0 23.666666666666668 23.25 21.6 
24.0 24.0 25.666666666666668 26.5 27.2 
31.0 31.5 32.0 33.75 34.8 
147 smallestJava71 769cd811312cbbb82c87033a78ac9584ad282550bcb9cc3ae8c4e3da44c288c1a5b3954e01998c3c0654ee6774ceab66e9fe5b135750905c917d2b0bb5fab98b_000 5 8
5.0 5.0 5.0 5.0 4.8 
19.0 19.0 19.666666666666668 20.0 20.2 
50.0 52.5 53.333333333333336 54.0 55.2 
148 smallestJava72 769cd811312cbbb82c87033a78ac9584ad282550bcb9cc3ae8c4e3da44c288c1a5b3954e01998c3c0654ee6774ceab66e9fe5b135750905c917d2b0bb5fab98b_001 5 8
5.0 5.0 5.0 5.0 4.8 
19.0 19.0 19.666666666666668 20.0 20.2 
50.0 52.5 53.333333333333336 54.0 55.2 
149 smallestJava73 769cd811312cbbb82c87033a78ac9584ad282550bcb9cc3ae8c4e3da44c288c1a5b3954e01998c3c0654ee6774ceab66e9fe5b135750905c917d2b0bb5fab98b_002 5 8
5.0 5.0 5.0 5.0 4.8 
19.0 19.0 19.666666666666668 20.0 20.2 
50.0 52.5 53.333333333333336 54.0 55.2 
150 smallestJava74 769cd811312cbbb82c87033a78ac9584ad282550bcb9cc3ae8c4e3da44c288c1a5b3954e01998c3c0654ee6774ceab66e9fe5b135750905c917d2b0bb5fab98b_003 5 8
5.0 5.0 5.0 5.0 4.8 
19.0 19.0 19.666666666666668 20.0 20.2 
50.0 52.5 53.333333333333336 54.0 55.2 
151 smallestJava75 769cd811312cbbb82c87033a78ac9584ad282550bcb9cc3ae8c4e3da44c288c1a5b3954e01998c3c0654ee6774ceab66e9fe5b135750905c917d2b0bb5fab98b_004 5 8
3.0 3.0 3.0 3.0 2.8 
32.0 32.0 32.333333333333336 32.5 33.4 
52.0 54.5 55.333333333333336 56.0 57.2 
152 smallestJava76 769cd811312cbbb82c87033a78ac9584ad282550bcb9cc3ae8c4e3da44c288c1a5b3954e01998c3c0654ee6774ceab66e9fe5b135750905c917d2b0bb5fab98b_006 5 8
5.0 5.0 5.0 5.0 4.8 
19.0 19.0 19.666666666666668 20.0 20.2 
50.0 52.5 53.333333333333336 54.0 55.2 
153 smallestJava77 769cd811312cbbb82c87033a78ac9584ad282550bcb9cc3ae8c4e3da44c288c1a5b3954e01998c3c0654ee6774ceab66e9fe5b135750905c917d2b0bb5fab98b_007 6 8
4.0 4.0 4.0 4.0 3.8 
30.0 30.0 30.666666666666668 31.0 31.8 
52.0 54.0 55.0 55.5 56.6 
154 smallestJava78 769cd811312cbbb82c87033a78ac9584ad282550bcb9cc3ae8c4e3da44c288c1a5b3954e01998c3c0654ee6774ceab66e9fe5b135750905c917d2b0bb5fab98b_009 6 8
6.0 6.0 6.0 6.0 5.8 
21.0 21.0 22.666666666666668 23.5 24.2 
50.0 52.0 53.0 53.5 54.6 
155 smallestJava79 769cd811312cbbb82c87033a78ac9584ad282550bcb9cc3ae8c4e3da44c288c1a5b3954e01998c3c0654ee6774ceab66e9fe5b135750905c917d2b0bb5fab98b_010 5 8
3.0 3.0 3.0 3.0 2.8 
32.0 32.0 32.333333333333336 32.5 33.4 
52.0 54.5 55.333333333333336 56.0 57.2 
156 smallestJava8 15cb07a72bc49f3f4b4a1000410c388b4d03b9f36236365ba4b611ca0617243b6de4e2e0868abf9ccb667e5ff71ccd3ce631cd59fcf13ee22addabf66c1824fa_002 6 8
18.0 17.5 17.0 16.75 16.6 
20.0 21.0 21.333333333333332 21.5 21.8 
29.0 29.5 32.0 34.75 37.4 
157 smallestJava80 769cd811312cbbb82c87033a78ac9584ad282550bcb9cc3ae8c4e3da44c288c1a5b3954e01998c3c0654ee6774ceab66e9fe5b135750905c917d2b0bb5fab98b_011 8 8
3.0 3.0 3.0 3.0 2.6 
32.0 32.5 32.666666666666664 32.75 33.6 
52.0 54.5 55.333333333333336 56.25 57.4 
158 smallestJava81 818f8cf4e2e713753d02db9ee70a099b71f2a5a6bdc904191cf9ba68cfa5f64328464dccdd9b02fe0822e14a403dc196fe88b9964969409e60c93a776186a86a_002 2 8
24.0 24.0 23.666666666666668 23.25 21.6 
24.0 24.0 25.666666666666668 26.5 27.2 
31.0 31.5 32.0 33.75 34.8 
159 smallestJava82 818f8cf4e2e713753d02db9ee70a099b71f2a5a6bdc904191cf9ba68cfa5f64328464dccdd9b02fe0822e14a403dc196fe88b9964969409e60c93a776186a86a_003 8 8
32.0 28.5 27.333333333333332 26.25 24.4 
22.0 22.0 22.0 22.0 22.0 
30.0 30.5 32.0 33.25 35.0 
160 smallestJava83 818f8cf4e2e713753d02db9ee70a099b71f2a5a6bdc904191cf9ba68cfa5f64328464dccdd9b02fe0822e14a403dc196fe88b9964969409e60c93a776186a86a_005 8 8
32.0 28.5 27.333333333333332 26.25 24.4 
22.0 22.0 22.0 22.0 22.0 
30.0 30.5 32.0 33.25 35.0 
161 smallestJava84 846021256d8ee8e5398346b8c049a0489ee71209518b971ce1d11e81406bfea1bb78c99c339660ac2790d61d438ecae0ff7a35bfab07864f8e6f69ca2450013c_000 2 8
24.0 24.0 23.666666666666668 23.25 21.6 
24.0 24.0 25.666666666666668 26.5 27.2 
31.0 31.5 32.0 33.75 34.8 
162 smallestJava85 846021256d8ee8e5398346b8c049a0489ee71209518b971ce1d11e81406bfea1bb78c99c339660ac2790d61d438ecae0ff7a35bfab07864f8e6f69ca2450013c_001 2 8
162 smallestJava85 846021256d8ee8e5398346b8c049a0489ee71209518b971ce1d11e81406bfea1bb78c99c339660ac2790d61d438ecae0ff7a35bfab07864f8e6f69ca2450013c_001 2 8
24.0 24.0 23.666666666666668 23.25 21.6 
24.0 24.0 25.666666666666668 26.5 27.2 
31.0 31.5 32.0 33.75 34.8 
163 smallestJava86 846021256d8ee8e5398346b8c049a0489ee71209518b971ce1d11e81406bfea1bb78c99c339660ac2790d61d438ecae0ff7a35bfab07864f8e6f69ca2450013c_002 2 8
24.0 24.0 23.666666666666668 23.25 21.6 
24.0 24.0 25.666666666666668 26.5 27.2 
31.0 31.5 32.0 33.75 34.8 
164 smallestJava87 846021256d8ee8e5398346b8c049a0489ee71209518b971ce1d11e81406bfea1bb78c99c339660ac2790d61d438ecae0ff7a35bfab07864f8e6f69ca2450013c_003 2 8
24.0 24.0 23.666666666666668 23.25 21.6 
24.0 24.0 25.666666666666668 26.5 27.2 
31.0 31.5 32.0 33.75 34.8 
165 smallestJava88 846021256d8ee8e5398346b8c049a0489ee71209518b971ce1d11e81406bfea1bb78c99c339660ac2790d61d438ecae0ff7a35bfab07864f8e6f69ca2450013c_004 2 8
24.0 24.0 23.666666666666668 23.25 21.6 
24.0 24.0 25.666666666666668 26.5 27.2 
31.0 31.5 32.0 33.75 34.8 
166 smallestJava89 846021256d8ee8e5398346b8c049a0489ee71209518b971ce1d11e81406bfea1bb78c99c339660ac2790d61d438ecae0ff7a35bfab07864f8e6f69ca2450013c_005 2 8
24.0 24.0 23.666666666666668 23.25 21.6 
24.0 24.0 25.666666666666668 26.5 27.2 
31.0 31.5 32.0 33.75 34.8 
167 smallestJava9 15cb07a72bc49f3f4b4a1000410c388b4d03b9f36236365ba4b611ca0617243b6de4e2e0868abf9ccb667e5ff71ccd3ce631cd59fcf13ee22addabf66c1824fa_003 6 8
18.0 17.5 17.0 16.75 16.6 
20.0 21.0 21.333333333333332 21.5 21.8 
29.0 29.5 32.0 34.75 37.4 
168 smallestJava90 846021256d8ee8e5398346b8c049a0489ee71209518b971ce1d11e81406bfea1bb78c99c339660ac2790d61d438ecae0ff7a35bfab07864f8e6f69ca2450013c_006 2 8
24.0 24.0 23.666666666666668 23.25 21.6 
24.0 24.0 25.666666666666668 26.5 27.2 
31.0 31.5 32.0 33.75 34.8 
169 smallestJava91 846021256d8ee8e5398346b8c049a0489ee71209518b971ce1d11e81406bfea1bb78c99c339660ac2790d61d438ecae0ff7a35bfab07864f8e6f69ca2450013c_007 2 8
24.0 24.0 23.666666666666668 23.25 21.6 
24.0 24.0 25.666666666666668 26.5 27.2 
31.0 31.5 32.0 33.75 34.8 
170 smallestJava92 846021256d8ee8e5398346b8c049a0489ee71209518b971ce1d11e81406bfea1bb78c99c339660ac2790d61d438ecae0ff7a35bfab07864f8e6f69ca2450013c_008 2 8
24.0 24.0 23.666666666666668 23.25 21.6 
24.0 24.0 25.666666666666668 26.5 27.2 
31.0 31.5 32.0 33.75 34.8 
171 smallestJava93 846021256d8ee8e5398346b8c049a0489ee71209518b971ce1d11e81406bfea1bb78c99c339660ac2790d61d438ecae0ff7a35bfab07864f8e6f69ca2450013c_009 2 8
24.0 24.0 23.666666666666668 23.25 21.6 
24.0 24.0 25.666666666666668 26.5 27.2 
31.0 31.5 32.0 33.75 34.8 
172 smallestJava94 846021256d8ee8e5398346b8c049a0489ee71209518b971ce1d11e81406bfea1bb78c99c339660ac2790d61d438ecae0ff7a35bfab07864f8e6f69ca2450013c_010 2 8
24.0 24.0 23.666666666666668 23.25 21.6 
24.0 24.0 25.666666666666668 26.5 27.2 
31.0 31.5 32.0 33.75 34.8 
173 smallestJava95 846021256d8ee8e5398346b8c049a0489ee71209518b971ce1d11e81406bfea1bb78c99c339660ac2790d61d438ecae0ff7a35bfab07864f8e6f69ca2450013c_011 2 8
24.0 24.0 23.666666666666668 23.25 21.6 
24.0 24.0 25.666666666666668 26.5 27.2 
31.0 31.5 32.0 33.75 34.8 
174 smallestJava96 88394fc00b7053b386e97564e28ef68421ae09c0baeaf887bba7e254f452419783ed8f774bff3c0c7d23bdc8f6c1443fb47c7af97323d4d3d63cc088d3b6841a_001 6 8
17.0 17.0 16.666666666666668 16.5 14.4 
24.0 25.0 25.333333333333332 26.5 27.2 
47.0 48.5 50.333333333333336 51.5 52.2 
175 smallestJava97 88394fc00b7053b386e97564e28ef68421ae09c0baeaf887bba7e254f452419783ed8f774bff3c0c7d23bdc8f6c1443fb47c7af97323d4d3d63cc088d3b6841a_002 6 8
17.0 17.0 16.666666666666668 16.5 14.4 
24.0 25.0 25.333333333333332 26.5 27.2 
47.0 48.5 50.333333333333336 51.5 52.2 
176 smallestJava98 88394fc00b7053b386e97564e28ef68421ae09c0baeaf887bba7e254f452419783ed8f774bff3c0c7d23bdc8f6c1443fb47c7af97323d4d3d63cc088d3b6841a_003 6 8
17.0 17.0 16.666666666666668 16.5 14.4 
24.0 25.0 25.333333333333332 26.5 27.2 
47.0 48.5 50.333333333333336 51.5 52.2 
177 smallestJava99 88394fc00b7053b386e97564e28ef68421ae09c0baeaf887bba7e254f452419783ed8f774bff3c0c7d23bdc8f6c1443fb47c7af97323d4d3d63cc088d3b6841a_004 6 8
17.0 17.0 16.666666666666668 16.5 14.4 
24.0 25.0 25.333333333333332 26.5 27.2 
47.0 48.5 50.333333333333336 51.5 52.2 
